-0.0800134683718845 2001 -0.0891616905300756 0.4978374738277869 0.009148222158191097 30
-0.12997678181593741 2002 -0.15079927726874431 0.49648711400497464 0.0208224954528069 38
-0.18492769885407156 2003 -0.20832884528228354 0.49500195408502506 0.023401146428211977 18
-0.2458234810557336 2004 -0.2678522153631902 0.4933561221336288 0.02202873430745661 33
-0.2986037327372415 2005 -0.33466276036615544 0.4919296288449394 0.03605902762891394 33
-0.36068042551840307 2006 -0.41386366346260894 0.49025188039139456 0.053183237944205874 33
-0.4361122885496229 2007 -0.510907934223762 0.48821318139055075 0.0747956456741391 33
-0.5294624436223749 2008 -0.6321095218546171 0.48569020422642234 0.10264707823224217 33
-0.646042613557988 2009 -0.7851726720362538 0.48253938882275704 0.13913005847826587 33
-0.7921334938023925 2010 -0.9797841049966783 0.47859098665398936 0.18765061119428583 33
-0.9752831528010866 2011 -1.2283091704229734 0.4736409958702409 0.2530260176218868 33
-1.2077588296744644 2012 -1.5466254826052925 0.46735786946825775 0.3388666529308282 33
-1.506024961174898 2013 -1.95510713038304 0.4592966226709487 0.44908216920814215 33
-1.88867748081314 2014 -2.479720515795488 0.4489546626807259 0.5910430349823481 33
-2.3781938351476626 2015 -3.15306934436314 0.43572449094195503 0.7748755092154775 33
-3.0030388555102103 2016 -4.014950910087272 0.41883678768891325 1.0119120545770617 6
-3.7994589338910956 2017 -5.1114087753531 0.3973119207056461 1.3119498414620043 6
-4.812076571490714 2018 -6.490151732333282 0.3699438764461969 1.6780751608425684 6
-6.0779415381160895 2019 -8.188335081473097 0.33573130978064625 2.1103935433570076 37
-7.652062640150367 2020 -10.206443976066042 0.29318749621215223 2.554381335915675 37
-9.52744766625992 2021 -12.462169058837295 0.24250141442540754 2.9347213925773747 0
-11.651391613645458 2022 -14.729079311277564 0.18509752395552817 3.077687697632106 48
-13.825819711092748 2023 -16.59853752837012 0.12632919699749326 2.772717817277371 8
-15.725177243916436 2024 -17.547554306912605 0.07499520962388012 1.8223770629961695 44
-16.87085083805707 2025 -17.166623469293306 0.04403105843089001 0.2957726312362361 7
-16.891373097494082 2026 -15.424382214902833 0.04347640277043017 -1.466990882591249 7
-15.653168433165085 2027 -12.712414854704646 0.07694139369824096 -2.9407535784604395 7
-13.438647872652965 2028 -9.612910021498505 0.13679330073910909 -3.825737851154459 16
-10.699968164839444 2029 -6.6216806499604415 0.2108116712205556 -4.078287514879002 16
-7.958882396299609 2030 -4.024480377192065 0.28489507037028083 -3.9344020191075444 16
-5.4504113724440195 2031 -1.917287594044763 0.35269158452854 -3.533123778399257 45
-3.234743638958175 2032 -0.27766881601894594 0.41257449624437365 -2.957074822939229 40
-1.5042980756298512 2033 0.9721633286861859 0.4593432952532473 -2.476461404316037 12
-0.14913173246586453 2034 1.9258290011475503 0.49596941263605776 -2.074960733613415 34
0.9225908779207401 2035 2.6726569923802717 0.5249348885924524 -1.7500661144595315 34
1.7455622641485817 2036 3.289545095934031 0.5471773584905022 -1.5439828317854492 34
2.4274727757434 2037 3.8391697874930797 0.5656073723173892 -1.4116970117496797 43
3.0042421587288217 2038 4.371070894600397 0.5811957340196979 -1.3668287358715752 29
3.5922041261755275 2039 4.923622635907787 0.597086598004744 -1.3314185097322593 2
4.179527826371199 2040 5.52576324138401 0.612960211523546 -1.3462354150128109 42
4.845495243275231 2041 6.197811065394625 0.6309593308993305 -1.3523158221193938 42
5.6180462941053975 2042 6.950930361663236 0.6518390890298756 -1.3328840675578384 31
6.524694259597929 2043 7.784985014142459 0.6763430880972413 -1.2602907545445294 31
7.581292783128809 2044 8.684814950096614 0.7048998049494273 -1.1035221669678048 31
8.790776473910082 2045 9.61560494941849 0.7375885533489211 -0.8248284755084079 31
10.10500183300719 2046 10.519149349793755 0.773108157648843 -0.41414751678656536 23
11.431352898623011 2047 11.314250714144118 0.8089554837465679 0.11710218447889353 23
12.610220292469215 2048 11.905213201353178 0.8408167646613302 0.7050070911160375 23
13.456261135803292 2049 12.200563191502717 0.8636827334000889 1.2556979443005751 23
13.758012310757593 2050 12.138619116714048 0.8718381705610161 1.6193931940435444 35
13.42927019639863 2051 11.70975950203961 0.8629532485513143 1.7195106943590197 36
12.538455437105121 2052 10.96343510392298 0.8388771739758141 1.5750203331821417 24
11.21536662323642 2053 9.995156443806202 0.8031180168442276 1.220210179430218 24
9.687447235785434 2054 8.920158110498225 0.7618228982644712 0.7672891252872098 24
8.123472516023828 2055 7.8465814597583075 0.7195533112438872 0.27689105626552024 19
6.6732274927225355 2056 6.85801200761069 0.6803574998033117 -0.18478451488815484 19
5.404206504357475 2057 6.0078183659259645 0.6460596352529048 -0.6036118615684893 46
4.3630052810453535 2058 5.322232871538764 0.6179190616498744 -0.9592275904934109 15
3.5378598043473737 2059 4.807576585489072 0.5956178325499291 -1.2697167811416987 15
2.912542445599037 2060 4.458070016458538 0.5787173633945686 -1.5455275708595009 15
2.4719427564031236 2061 4.26235012222254 0.5668092636865709 -1.7904073658194166 25
2.1827222865090015 2062 4.208103218120494 0.558992494229973 -2.025380931611492 25
2.028130729722065 2063 4.284918114246138 0.5548143440465423 -2.256787384524073 4
1.9846295328387455 2064 4.485710656621679 0.5536386360226688 -2.5010811237829333 4
2.0515312913487236 2065 4.807061408401594 0.5554467916580736 -2.7555301170528708 4
2.191890745220448 2066 5.248676765094832 0.5592402904113635 -3.0567860198743837 30
2.4177565532285925 2067 5.812005045325031 0.5653447717088809 -3.3942484920964384 30
2.7420049780232816 2068 6.497856753960555 0.5741082426492778 -3.7558517759372734 38
3.1636583795893074 2069 7.302742529297234 0.5855042805294407 -4.1390841497079265 38
3.7007305864394624 2070 8.2136552146913 0.6000197455794449 -4.512924628251838 38
4.384866380483807 2071 9.201381858861268 0.618509902175238 -4.816515478377461 31
5.23531384991367 2072 10.213418999910246 0.6414949689165856 -4.978105149996576 31
6.274949606684466 2073 11.169333697225714 0.6695932326130937 -4.894384090541248 31
7.517735829676443 2074 11.9634075553936 0.7031820494507147 -4.4456717257171565 31
8.963741863146524 2075 12.479648839092267 0.7422632935985547 -3.515906975945743 31
10.584752114752892 2076 12.619895710495982 0.7860743814798079 -2.03514359574309 31
12.24332392843236 2077 12.336466702110238 0.8309006467143881 -0.0931427736778776 23
13.77476607796212 2078 11.652992494659335 0.8722909750800574 2.121773583302785 23
14.885788605957671 2079 10.660236849120674 0.9023186109718289 4.225551756836998 35
15.282844072733802 2080 9.488448261725141 0.9130498398036162 5.794395811008661 36
14.785822132397541 2081 8.271502027872119 0.8996168143891228 6.514320104525423 36
13.443958885615427 2082 7.119242388760442 0.8633502401517683 6.324716496854984 39
11.526717332560363 2083 6.1052676008036775 0.8115329008800098 5.421449731756685 24
9.359189313042407 2084 5.267962901354575 0.7529510625146596 4.091226411687832 24
7.23881477566993 2085 4.618667234613519 0.6956436425856738 2.6201475410564106 19
5.372556342657926 2086 4.151593593532623 0.6452042254772412 1.2209627491253032 46
3.8085941945701265 2087 3.852457393208717 0.602934978231625 -0.04386319863859045 46
2.581426090207838 2088 3.704748883268045 0.56976827270832 -1.1233227930602068 26
1.6312909678040945 2089 3.693703216718488 0.5440889450757863 -2.0624122489143932 26
0.9201615822597091 2090 3.808453435222359 0.5248692319529651 -2.88829185296265 15
0.40958820516880223 2091 4.042894524620088 0.5110699514910487 -3.633306319451286 25
0.017271869300493847 2092 4.395652921040812 0.5004668072783918 -4.378381051740318 3
-0.28425268410619253 2093 4.869356129572785 0.492317495024157 -5.153608813678978 3
-0.538458440348343 2094 5.469176095906235 0.48544706917977454 -6.007634536254578 32
-0.7487111438467657 2095 6.200394772047142 0.4797645636798172 -6.949105915893908 30
-0.9440460773918424 2096 7.064540494256841 0.4744852411515718 -8.008586571648683 30
-1.1872137824523143 2097 8.053565654499444 0.46791314101480236 -9.240779436951758 41
-1.4579589972254752 2098 9.14181631050499 0.46059570277768985 -10.599775307730464 41
-1.781572178683696 2099 10.276602632554486 0.4518494005761163 -12.058174811238182 41
-2.169627204264387 2100 11.370437215498939 0.4413614269117733 -13.540064419763326 41
-2.6749816690119523 2101 12.301133027489437 0.4277031981348121 -14.976114696501389 6
-3.305913276930262 2102 12.927532416380007 0.4106509925153983 -16.23344569331027 6
-4.10000990401231 2103 13.124072516572603 0.3891889215131808 -17.224082420584914 6
-5.096119686518962 2104 12.824524958824957 0.3622670354994875 -17.92064464534392 6
-6.32844756649091 2105 12.052193049562723 0.3289608765813268 -18.380640616053633 37
-7.821397268603976 2106 10.916312869548117 0.288610884632325 -18.737710138152092 0
-9.596236786669838 2107 9.575661842298317 0.2406422490089233 -19.171898628968155 0
-11.56588298696671 2108 8.191194652203693 0.1874085679198187 -19.757077639170404 48
-13.56573644068567 2109 6.890943004148114 0.13335847457606295 -20.456679444833785 8
-15.290662958528294 2110 5.7563135975916895 0.08673883895869476 -21.046976556119983 44
-16.321650752405013 2111 4.825475438610888 0.05887430398905368 -21.1471261910159 7
-16.325244484616526 2112 4.104931014068201 0.05877717609144525 -20.430175498684726 7
-15.185098367230744 2113 3.582250084236365 0.08959193602079071 -18.767348451467107 7
-13.14836598288543 2114 3.2364646846292957 0.14463875721931269 -16.384830667514727 16
-10.618548825492926 2115 3.0452185931207922 0.2130121939055966 -13.663767418613718 16
-8.064425306106143 2116 2.9890480520866145 0.28204255929442856 -11.053473358192758 16
-5.716585910818326 2117 3.053569625974513 0.3454976780859912 -8.770155536792839 45
-3.6853372912878726 2118 3.2303164617304145 0.4003962894246521 -6.915653753018287 40
-2.077188515105604 2119 3.516769097397051 0.4438597698620107 -5.593957612502654 12
-0.8296194925695026 2120 3.9158954826799723 0.4775778515521756 -4.745514975249475 34
0.14236500643094274 2121 4.435284495316864 0.5038477028765119 -4.2929194888859215 34
0.879225679177317 2122 5.085722861988357 0.5237628561939816 -4.20649718281104 34
1.4682413143241142 2123 5.878808762326318 0.5396821976844355 -4.410567448002204 43
1.956996707472392 2124 6.822918332419525 0.5528918029046592 -4.865921624947133 29
2.409683259389979 2125 7.91662856738751 0.5651265745781076 -5.506945307997531 2
2.8639533981943295 2126 9.138836773745878 0.5774041458971441 -6.274883375551548 42
3.349148984752347 2127 10.435929070784239 0.5905175401284418 -7.086780086031892 42
3.9146464957298797 2128 11.709319517538258 0.6058012566413481 -7.794673021808379 42
4.589878792302525 2129 12.81165815007962 0.6240507781703385 -8.221779357777095 31
5.4059714352457 2130 13.563982079332204 0.6461073360877216 -8.158010644086504 31
6.391828348104145 2131 13.801314075299006 0.6727521175163282 -7.409485727194861 31
7.564794665016258 2132 13.434769455971175 0.7044539098653043 -5.869974790954917 31
8.92730525576211 2133 12.49560541603293 0.741278520426003 -3.5683001602708195 31
10.455875600443743 2134 11.128970963635956 0.7825912324444255 -0.6730953631922123 31
12.017829565838394 2135 9.53996784564609 0.8248062044821187 2.477861720192303 23
13.456962457754138 2136 7.927518370142197 0.8637016880474091 5.529444087611941 23
14.500432988537455 2137 6.440218831932165 0.891903594284796 8.06021415660529 35
14.863213222053012 2138 5.163752290688312 0.9017084654608922 9.699460931364701 36
14.380654607921635 2139 4.130114812910434 0.8886663407546387 10.2505397950112 36
13.136886006179804 2140 3.335010721131079 0.8550509731399947 9.801875285048725 39
11.357276487895259 2141 2.754473084707143 0.8069534185917637 8.602803403188116 24
9.360078458050552 2142 2.357192341605385 0.7529750934608257 7.002886116445167 24
7.400286733269876 2143 2.112278396861857 0.7000077495478345 5.288008336408019 19
5.666722687955843 2144 1.9934527848803747 0.6531546672420498 3.673269903075469 19
4.2029865580011325 2145 1.98087372594 0.6135942312973279 2.2221128320611325 46
3.0519918706922873 2146 2.0615909638289573 0.5824862667754672 0.9904009068633299 26
2.1728244853424172 2147 2.22933009892338 0.5587249860903356 -0.056505613580962955 15
1.5126663614092877 2148 2.4840381825424136 0.5408828746326835 -0.9713718211331259 15
1.046940015881713 2149 2.831409826505916 0.5282956761049111 -1.784469810624203 25
0.7144646426193226 2150 3.2824421202398284 0.5193098552059277 -2.5679774776205058 4
0.4771626142033476 2151 3.8529049610855246 0.5128962868703607 -3.375742346882177 4
0.3306445379851155 2152 4.56241702585007 0.5089363388644625 -4.231772487864954 4
0.22384782687683114 2153 5.432535031687044 0.5060499412669414 -5.208687204810213 30
0.16146653985583725 2154 6.482854883291604 0.5043639605366442 -6.321388343435767 30
0.12778618845242917 2155 7.723629062104798 0.5034536807689846 -7.595842873652368 30
0.11636062122359903 2156 9.143138300420786 0.5031448816546918 -9.026777679197187 38
0.10671052069805498 2157 10.688964770935032 0.5028840681269745 -10.582254250236977 18
0.11706829425603615 2158 12.246260561597465 0.5031640079528659 -12.129192267341429 18
0.1377202426075037 2159 13.624776516514254 0.5037221687191217 -13.48705627390675 18
0.16974684931652817 2160 14.576520895587366 0.5045877526842305 -14.406774046270838 18
0.21569828883752606 2161 14.86267564774942 0.5058296834820953 -14.646977358911894 18
0.27742952973025226 2162 14.354423442288686 0.507498095398115 -14.076993912558434 18
0.36062784080680643 2163 13.10531458874258 0.5097466984001839 -12.744686747935773 18
0.47053281218823173 2164 11.335033349883936 0.5127171030321144 -10.864500537695704 18
0.6142492132853832 2165 9.335028368259525 0.5166013300887942 -8.720779154974142 18
0.8010659358787251 2166 7.365956190309233 0.521650430699425 -6.564890254430508 18
1.0446900899782783 2167 5.601957377013689 0.5282348672967102 -4.557267287035411 18
1.360836483637506 2168 4.126050283992732 0.5367793644226353 -2.765213800355226 18
1.7707052595488264 2169 2.952829985209305 0.5478568989067251 -1.1821247256604788 18
2.3015457991467727 2170 2.0562926169920357 0.5622039405174803 0.24525318215473701 18
2.988495124853955 2171 1.3920480059514793 0.5807701385095664 1.5964471189024758 18
3.8769979331327065 2172 0.9116358980456444 0.6047837279225056 2.965362035087062 18
5.008137266801562 2173 0.5702862904389322 0.635355061264907 4.43785097636263 31
6.425491102690032 2174 0.33024396205824097 0.6736619216943251 6.09524714063179 31
8.162355004989116 2175 0.16146747095525368 0.7206041893240301 8.000887534033863 31
10.23233935075168 2176 0.040970387136879775 0.7765497121824778 10.1913689636148 31
12.561473167682585 2177 -0.04840373676555104 0.8394992748022321 12.609876904448136 20
14.938697098084994 2178 -0.11932652254105601 0.9037485702185133 15.05802362062605 20
16.92360399591921 2179 -0.1812303004669054 0.9573947025924111 17.104834296386112 35
17.963762436307995 2180 -0.2413712292741745 0.985507092873189 18.20513366558217 36
17.61324679872257 2181 -0.3057032612624307 0.9760336972627721 17.918950059985 36
15.805580235759308 2182 -0.37959392208588744 0.9271778442097109 16.185174157845196 39
12.925306458978788 2183 -0.46842841001908264 0.8493326069994267 13.393734868997871 39
9.617467631867541 2184 -0.5781525860933805 0.7599315576180417 10.195620217960922 24
6.422556741068924 2185 -0.7158045319638866 0.6735826146234845 7.13836127303281 19
3.6842871162060824 2186 -0.8900818937966732 0.5995753274650293 4.574369010002756 19
1.4651332433838 2187 -1.1119891249287315 0.5395981957671298 2.5771223683125317 46
-0.25116899718359775 2188 -1.395603318436064 0.49321164872476764 1.1444343212524664 26
-1.5400727371295524 2189 -1.758984007341135 0.4583764125100121 0.21891127021158252 26
-2.5227873778978775 2190 -2.2252181162544526 0.4318165573541114 -0.2975692616434249 26
-3.2880442650129904 2191 -2.8235082046742233 0.4111339387834327 -0.46453606033876715 3
-3.9230220259484607 2192 -3.5900226309876335 0.3939723776770686 -0.3329993949608272 3
-4.479561856413566 2193 -4.567818483482867 0.37893076063747116 0.08825662706930082 32
-5.015640127787302 2194 -5.804328565666438 0.3644421587084513 0.7886884378791361 32
-5.562617912250602 2195 -7.343420386467593 0.34965897534457835 1.7808024742169914 1
-6.149502168553255 2196 -9.206861307527747 0.33379723868774985 3.0573591389744923 1
-6.773013285439054 2197 -11.358464442549273 0.31694558688002555 4.585451157110219 0
-7.444435884522196 2198 -13.648521783108542 0.29879903014804876 6.204085898586346 48
-8.176168369897628 2199 -15.757636189938978 0.2790224764892533 7.58146782004135 22
-8.914983347809883 2200 -17.202765834003948 0.2590545041132464 8.287782486194065 22
-9.656967267826214 2201 -17.488603266231433 0.23900088465334554 7.831635998405218 8
-10.333205648887033 2202 -16.380623827184614 0.22072417165170183 6.0474181782975815 8
-10.909105270257257 2203 -14.080533884618688 0.20515931702007414 3.1714286143614316 14
-11.290692213220684 2204 -11.112589647664738 0.19484615639944095 -0.17810256555594606 14
-11.430838332711025 2205 -8.036348748104613 0.19105842344024257 -3.3944895846064114 14
-11.305198002621207 2206 -5.240539493045118 0.19445410803726465 -6.064658509576089 7
-10.90757731385539 2207 -2.9043593580889278 0.20520061313904353 -8.003217955766463 7
-10.29293031806807 2208 -1.0539029609164927 0.22181269410626836 -9.239027357151578 16
-9.537180017378887 2209 0.36747647445129017 0.24223837790867875 -9.904656491830178 16
-8.733027783680479 2210 1.4485316354893578 0.2639722220626898 -10.181559419169837 16
-7.924979444791468 2211 2.281685521670254 0.28581136635698734 -10.206664966461723 49
-7.176938544584672 2212 2.9499605974040266 0.306028687984198 -10.126899141988698 49
-6.532571443526569 2213 3.5226521966655913 0.32344401503982245 -10.05522364019216 49
-6.013862608226509 2214 4.055326681632394 0.3374631727506349 -10.069189289858903 5
-5.617878499973003 2215 4.591539639867285 0.3481654459466756 -10.209418139840288 5
-5.383209262474557 2216 5.164796441775975 0.35450785777095795 -10.548005704250532 9
-5.266913063735942 2217 5.799898652172972 0.357650998277407 -11.066811715908914 9
-5.2810839377429915 2218 6.513136312248593 0.35726800168262185 -11.794220249991584 9
-5.4193130641859355 2219 7.3109608621010835 0.3535320793463261 -12.730273926287019 9
-5.676284535678546 2220 8.186970387603294 0.3465869044411204 -13.86325492328184 9
-6.0462248584060845 2221 9.117462578070542 0.3365885173403761 -15.163687436476627 27
-6.521376185639612 2222 10.056685481415244 0.3237465895773078 -16.578061667054854 27
-7.098307400803863 2223 10.934303276014031 0.30815385403232803 -18.032610676817896 27
-7.770759485993494 2224 11.658969785618744 0.2899794733515272 -19.42972927161224 27
-8.526903531960636 2225 12.13174805052385 0.26954314778484767 -20.658651582484488 8
-9.326472697193067 2226 12.269488287715404 0.24793317034613335 -21.595960984908473 8
-10.11681969195937 2227 12.031298661773564 0.2265724407578549 -22.148118353732933 8
-10.8523348703736 2228 11.435618338671121 0.20669365215206484 -22.287953209044723 14
-11.421201467806519 2229 10.557764303701441 0.19131887924847243 -21.97896577150796 14
-11.75903327055163 2230 9.508585391161308 0.1821882899850911 -21.267618661712937 14
-11.786537456493802 2231 8.405380293022017 0.18144493360827563 -20.191917749515817 7
-11.476474611296405 2232 7.348011291013259 0.18982501050550257 -18.824485902309664 7
-10.875420342513255 2233 6.406884843928362 0.2060697204726147 -17.28230518644162 16
-10.064493746388655 2234 5.622079919015484 0.22798665550300934 -15.68657366540414 16
-9.156973806298648 2235 5.009183839771302 0.2525142214513879 -14.166157646069951 16
-8.260023760763012 2236 4.567387000324929 0.27675611457397264 -12.82741076108794 16
-7.390624298244839 2237 4.2870114381499205 0.30025339734473405 -11.677635736394759 49
-6.631699060164578 2238 4.155270129000015 0.3207648902658222 -10.786969189164594 49
-6.001387879502056 2239 4.160082060778449 0.3378003275810255 -10.161469940280504 49
-5.483482650895148 2240 4.292230985313042 0.351797766192023 -9.77571363620819 5
-5.141076017480595 2241 4.546256955935143 0.3610519995275515 -9.687332973415739 5
-4.924327374960692 2242 4.920384809719042 0.36691007094700834 -9.844712184679734 9
-4.840081160789577 2243 5.415628231504112 0.36918699565433577 -10.255709392293689 9
-4.890708950844257 2244 6.034016847271016 0.3678186770042093 -10.924725798115272 9
-5.071190342433647 2245 6.775715536397913 0.36294080155584735 -11.84690587883156 9
-5.374214291833926 2246 7.634703471438883 0.3547509650855696 -13.008917763272809 27
-5.794842629495442 2247 8.592793488484858 0.34338263163525834 -14.3876361179803 27
-6.329484198125902 2248 9.612350084832821 0.32893285951011075 -15.941834282958723 27
-6.973547989299178 2249 10.629403006951426 0.3115257300189411 -17.602950996250605 27
-7.718630591354495 2250 11.550940750356023 0.29138836239582444 -19.269571341710517 27
-8.551931458683622 2251 12.261930298544103 0.2688667173328751 -20.813861757227727 27
-9.436594013755272 2252 12.646388807830293 0.24495691854715482 -22.082982821585567 8
-10.312088853643402 2253 12.619999467496756 0.22129489584747564 -22.932088321140156 8
-11.100172376532658 2254 12.161387001015168 0.199995341174793 -23.261559377547826 8
-11.711459571159264 2255 11.324436500695693 0.1834740656443442 -23.035896071854957 14
-12.05943222358929 2256 10.223003127812932 0.17406939936245158 -22.28243535140222 14
-12.071372249097974 2257 8.996456049559514 0.17374669597032502 -21.06782829865749 7
-11.726974484817834 2258 7.77434558383321 0.18305474365357202 -19.501320068651044 7
-11.063742808307499 2259 6.654159610350683 0.2009799240997973 -17.71790241865818 16
-10.164281112584458 2260 5.695123705793793 0.2252896996598795 -15.859404818378252 16
-9.141893049256991 2261 4.923235930040384 0.2529218094795408 -14.065128979297375 16
-8.113142410500965 2262 4.3410550231039124 0.28072588079727123 -12.454197433604877 16
-7.135037722898522 2263 3.937627143520625 0.3071611426243643 -11.072664866419148 49
-6.280929277496343 2264 3.6963808630904134 0.330245154662261 -9.977310140586756 49
-5.591093557271934 2265 3.600507445599203 0.34888936331697473 -9.191601002871138 49
-5.0447873689808524 2266 3.6361571153642047 0.3636543954329499 -8.680944484345057 5
-4.682849678702096 2267 3.79401778501362 0.3734364951702136 -8.476867463715717 9
-4.457363444470001 2268 4.069786395996238 0.379530717717027 -8.52714984046624 9
-4.376066388766581 2269 4.463867560301442 0.38172793543874106 -8.839933949068023 9
-4.433133388282316 2270 4.980419076627565 0.3801855841004779 -9.41355246490988 9
-4.617402046351348 2271 5.6256359791318005 0.3752053500986122 -10.243038025483148 29
-4.918154563961501 2272 6.404936072874309 0.3670769036767162 -11.323090636835811 27
-5.336594527026419 2273 7.318520233249203 0.35576771548577246 -12.655114760275623 27
-5.870821047933671 2274 8.354760537997125 0.34132916086665754 -14.225581585930795 27
-6.51890668216695 2275 9.48132028136154 0.3238133329144068 -16.00022696352849 27
-7.277088682462935 2276 10.63532128740934 0.30332192750100173 -17.912409969872275 27
-8.137163612202693 2277 11.71660957204505 0.28007665912965696 -19.853773184247743 27
-9.061976834157461 2278 12.591443450194824 0.2550817071849335 -21.653420284352286 22
-10.014151942600341 2279 13.11439533310435 0.2293472447945854 -23.12854727570469 8
-10.911451552407293 2280 13.168898604988701 0.20509590398899208 -24.080350157395994 8
-11.663042861934931 2281 12.711661874822855 0.18478262535310996 -24.374704736757785 14
-12.16869679759687 2282 11.795357740439446 0.17111630276765216 -23.964054538036315 14
-12.349355629180447 2283 10.553239738106628 0.16623363164377167 -22.902595367287077 7
-12.151087139418323 2284 9.154656432208718 0.17159223947518049 -21.30574357162704 7
-11.590785532897431 2285 7.757509921521461 0.18673552613790723 -19.348295454418892 7
-10.727570926838151 2286 6.478535010619719 0.21006565062599591 -17.20610593745787 16
-9.667799958792699 2287 5.385732730622117 0.23870810922181895 -15.053532689414816 16
-8.533402886920703 2288 4.50575319502859 0.2693674895426837 -13.039156081949294 16
-7.4373784878157725 2289 3.8369937612162817 0.2989897705995737 -11.274372249032055 49
-6.4411134683936275 2290 3.3622640926928664 0.3259158522055776 -9.803377561086494 49
-5.6126140618698805 2291 3.0584356018436796 0.3483077280575708 -8.67104966371356 49
-4.971868002194794 2292 2.902737968487316 0.3656251891298704 -7.87460597068211 5
-4.501235786647829 2293 2.876330954071962 0.3783449787392479 -7.377566740719791 5
-4.195208963787552 2294 2.965992059686524 0.3866159739516878 -7.161201023474076 9
-4.041130127041457 2295 3.164641468238891 0.39078026683671735 -7.205771595280348 9
-4.031184321890251 2296 3.4712024396080783 0.39104907238134456 -7.502386761498329 9
-4.147023150439116 2297 3.8900602001909563 0.3879182932313752 -8.037083350630073 29
-4.382086547532532 2298 4.43015498638563 0.3815652284450667 -8.812241533918161 27
-4.732348202938839 2299 5.103510686298179 0.3720986972178692 -9.835858889237018 27
-5.201531166950762 2300 5.922736533445777 0.35941807656889835 -11.124267700396539 27
-5.790191879010861 2301 6.896747887334475 0.34350832759430106 -12.686939766345336 27
-6.499217816506267 2302 8.02373042871599 0.32434546441874956 -14.522948245222256 27
-7.327115682381718 2303 9.280544582788124 0.3019698464221157 -16.60766026516984 27
-8.266021450318567 2304 10.609042395524476 0.27659401485625495 -18.875063845843044 27
-9.277765641341642 2305 11.90312120978702 0.2492495772610367 -21.180886851128662 22
-10.3135598477935 2306 13.00582781855369 0.22125513924882428 -23.31938766634719 8
-11.284669215917475 2307 13.72980978697696 0.19500894011033848 -25.014479002894433 8
-12.067338063411622 2308 13.908085482517926 0.1738557280159021 -25.975423545929548 14
-12.569114606150347 2309 13.45982559465147 0.16029419983377438 -26.028940200801816 14
-12.681623827577404 2310 12.43251792688705 0.15725341006547558 -25.114141754464455 7
-12.366677050157708 2311 10.988514114490311 0.16576548513087275 -23.35519116464802 7
-11.649110057945823 2312 9.343943029788807 0.1851591876230859 -20.99305308773463 16
-10.617151496246061 2313 7.700215258811795 0.21304995956091727 -18.317366755057854 16
-9.400969627828697 2314 6.202083101332975 0.24591973978841358 -15.603052729161671 16
-8.141837675622758 2315 4.928713989908568 0.2799503330912768 -13.070551665531326 16
-6.962775643627031 2316 3.9056736727470014 0.3118168744965667 -10.868449316374033 45
-5.92854825301065 2317 3.1236130014991375 0.3397689661348473 -9.052161254509787 49
-5.10024255989093 2318 2.5551283580483988 0.36215560648943435 -7.655370917939329 49
-4.448149918413753 2319 2.1668256546986386 0.37977973193476344 -6.614975573112392 5
-3.9941766547363624 2320 1.9266753616007204 0.3920492796017199 -5.920852016337083 9
-3.70204351019666 2321 1.807827638666255 0.39994476999468487 -5.509871148862915 9
-3.5644783905857427 2322 1.7901480116038528 0.40366274620038534 -5.354626402189595 9
-3.562076009567047 2323 1.8604747908706167 0.40372767541710686 -5.422550800437664 29
-3.67586666633429 2324 2.0122843279727882 0.4006522522612354 -5.688150994307078 29
-3.910611222779295 2325 2.245182082503835 0.3943078047897488 -6.1557933052831295 27
-4.262907537379526 2326 2.564433961570193 0.38478628277352633 -6.827341498949719 27
-4.741015967492629 2327 2.980596859125425 0.37186443331101005 -7.721612826618054 27
-5.351857940163946 2328 3.50916815829546 0.35535519080637984 -8.861026098459405 27
-6.101199211065275 2329 4.170009144479344 0.33510272402526287 -10.27120835554462 27
-6.987117983534407 2330 4.986054232889508 0.311158973417989 -11.973172216423915 27
-7.989670918103423 2331 5.980440703258394 0.28406294815936695 -13.970111621361816 28
-9.118945139046305 2332 7.170665404124532 0.25354202326901876 -16.289610543170838 22
-10.291242099110818 2333 8.557858314153092 0.22185832164565358 -18.849100413263912 8
-11.43024928883815 2334 10.109431732521918 0.19107434354491487 -21.539681021360067 8
-12.41639429831642 2335 11.735881294211085 0.1644217757211778 -24.152275592527506 44
-13.081295520452766 2336 13.269832296315487 0.1464514724201955 -26.351127816768255 14
-13.300679624738741 2337 14.467415312908695 0.14052217230435832 -27.768094937647437 7
-12.98756211376764 2338 15.05793562286003 0.14898480773600975 -28.04549773662767 7
-12.178624364357564 2339 14.844953767238897 0.17084799015249824 -27.02357813159646 7
-10.980979351060522 2340 13.807752028616717 0.20321677429566154 -24.788731379677237 16
-9.567319422085326 2341 12.124057241931656 0.24142379940309927 -21.691376664016982 16
-8.113157165658288 2342 10.090925512350555 0.28072548200923547 -18.204082678008845 16
-6.756124947785828 2343 8.006391551821572 0.31740202843822085 -14.7625164996074 45
-5.575982866830408 2344 6.088163401026663 0.3492977603559349 -11.66414626785707 12
-4.6080489596473555 2345 4.452758768880556 0.37545813622574714 -9.060807728527912 12
-3.8679560762699676 2346 3.134131960258878 0.3954606465872982 -7.002088036528846 5
-3.3272921198223386 2347 2.114090793805963 0.4100731859507476 -5.441382913628302 9
-2.9648105279424612 2348 1.348703609565988 0.4198699857312848 -4.313514137508449 9
-2.7683289723109397 2349 0.7860992094526489 0.4251802980456503 -3.5544281817635888 9
-2.69132464982839 2350 0.37650042631924435 0.42726149595058405 -3.0678250761476344 29
-2.7360654283304857 2351 0.07680655973300864 0.4260522857207977 -2.8128719880634945 29
-2.8975962414614447 2352 -0.14814003338779624 0.4216865880686096 -2.7494562080736484 10
-3.1534371387960007 2353 -0.32606636105689085 0.4147719692217297 -2.8273707777391097 13
-3.519158507914991 2354 -0.4785858996081894 0.4048876078941894 -3.0405726083068014 13
-4.0023104136119265 2355 -0.6227632192919288 0.3918294482807587 -3.379547194319998 13
-4.613585321747314 2356 -0.7726463260016385 0.37530850481764017 -3.840938995745675 13
-5.36553654781534 2357 -0.9406572525394492 0.3549854987076935 -4.4248792952758915 17
-6.263698574363296 2358 -1.1388274750338647 0.33071084934153255 -5.1248710993294315 17
-7.334995506443571 2359 -1.3799118411877032 0.3017568782042278 -5.955083665255867 47
-8.557645485377854 2360 -1.6784293765507143 0.2687122841789769 -6.87921610882714 28
-9.892149344779785 2361 -2.0516687167198597 0.23264461230324907 -7.840480628059925 22
-11.260854925725456 2362 -2.520656228165953 0.1956525695749877 -8.740198697559503 8
-12.543250721912253 2363 -3.1109972394280145 0.16099322373210126 -9.432253482484239 8
-13.534146907689259 2364 -3.853322778178673 0.13421224573812818 -9.680824129510587 44
-14.05520918856065 2365 -4.782727672680502 0.1201294813902527 -9.272481515880148 7
-13.949912180393168 2366 -5.935951784383005 0.12297534647586031 -8.013960396010162 7
-13.198821071175724 2367 -7.344022911505321 0.1432751061844399 -5.854798159670403 7
-11.906348063958621 2368 -9.016788272586416 0.17820680908219946 -2.8895597913722053 16
-10.273528256726552 2369 -10.91534715339065 0.22233707414252563 0.6418188966640983 16
-8.531029750557202 2370 -12.91240707734599 0.26943162836331885 4.381377326788787 16
-6.871295340931379 2371 -14.75530811360735 0.3142893151099627 7.8840127726759714 45
-5.417079791872522 2372 -16.072797156674543 0.3535924380574994 10.65571736480202 45
-4.212948422249646 2373 -16.47707697013554 0.386136529128388 12.264128547885893 12
-3.274422531180832 2374 -15.750586023545726 0.4115020937518694 12.476163492364893 12
-2.57294718597557 2375 -13.98814828138191 0.43046088686552514 11.41520109540634 34
-2.0709626978381124 2376 -11.55661258454146 0.44402803519356454 9.485649886703348 34
-1.7347788398024342 2377 -8.906399274534243 0.453114085410745 7.171620434731809 43
-1.5301293322981024 2378 -6.3968032773760894 0.4586451531811324 4.866673945077987 29
-1.436391451854579 2379 -4.229975201716257 0.4611786094093357 2.7935837498616776 29
-1.4217975321975551 2380 -2.4716583665681844 0.46157303967033636 1.0498608343706293 10
-1.483368895584075 2381 -1.1013231099938572 0.459908948767998 -0.38204578559021773 10
-1.6133192956046756 2382 -0.05657079433370673 0.4563967757944682 -1.5567485012709688 13
-1.8158641317613728 2383 0.7379369151998803 0.4509225910334764 -2.553801046961253 13
-2.0948297296387146 2384 1.3550105444897573 0.4433829802800347 -3.449840274128472 13
-2.449395631177193 2385 1.8583546007221028 0.4338001180762921 -4.307750231899296 6
-2.9055104684323947 2386 2.3010584430552483 0.4214726900423677 -5.2065689114876434 6
-3.4802160603934844 2387 2.7266180979998165 0.40594010647585177 -6.206834158393301 6
-4.199605930223212 2388 3.170958067521249 0.38649713702099425 -7.370563997744462 6
-5.080582730089713 2389 3.6645647484934893 0.36268695324081857 -8.745147478583203 37
-6.161574158877034 2390 4.2341930739136755 0.33347096867899906 -10.39576723279071 37
-7.455954733308136 2391 4.903738831570929 0.2984877099105909 -12.359693564879066 0
-8.972994252868379 2392 5.693832227158958 0.25748664181436814 -14.666826480027336 48
-10.652011194097758 2393 6.619553402160965 0.21210780556492545 -17.271564596258724 48
-12.372997884071015 2394 7.6854995912092585 0.16559465178186447 -20.058497475280273 8
-13.937492052299746 2395 8.877503248017048 0.12331102561352038 -22.814995300316795 44
-15.05815395487896 2396 10.151158216674474 0.09302286608435244 -25.209312171553435 44
-15.441187622098349 2397 11.419775985584389 0.08267060480815272 -26.860963607682738 7
-14.929251888436266 2398 12.548831318730352 0.09650670571793879 -27.47808320716662 7
-13.58590231669686 2399 13.368230839452613 0.13281345090008484 -26.954133156149474 7
-11.647635695442837 2400 13.711278880403112 0.1851990352583017 -25.35891457584595 16
-9.452803904875683 2401 13.473267847689286 0.2445188133817383 -22.92607175256497 16
-7.3018928321182415 2402 12.660060755940266 0.3026515450778854 -19.961953588058506 45
-5.370472935656256 2403 11.392937170936893 0.35485208282010117 -16.76341010659315 45
-3.760624181821388 2404 9.864256168490392 0.39836150859942193 -13.62488035031178 12
-2.4774363251744767 2405 8.273268959729625 0.43304226148177094 -10.750705284904102 12
-1.4913559035461361 2406 6.7774789948276295 0.45969308368794226 -8.268834898373765 34
-0.7437605305452841 2407 5.474120766642632 0.4798983640393167 -6.217881297187916 34
-0.1911391053159548 2408 4.4053807196670975 0.49483407823470393 -4.596519824983052 43
0.22370099234476726 2409 3.574231976454705 0.5060459727660748 -3.3505309841099375 43
0.5394139335190609 2410 2.9610734196014024 0.5145787549599746 -2.4216594860823415 29
0.8193480041759749 2411 2.5367290446502406 0.5221445406534048 -1.7173810404742658 2
1.0708339744442696 2412 2.2709775694260332 0.5289414587687641 -1.2001435949817636 42
1.313128561013606 2413 2.1373767269366417 0.5354899611084758 -0.8242481659230356 42
1.5857883495064549 2414 2.1155314192576213 0.5428591445812555 -0.5297430697511665 42
1.9038204505966085 2415 2.1918231741043965 0.5514546067728813 -0.288002723507788 18
2.278515358148283 2416 2.3593412693415385 0.5615814961661698 -0.08082591119325544 18
2.7369751944141356 2417 2.6174847550817515 0.5739723025517334 0.11949043933238412 18
3.3059305087263127 2418 2.971480490524768 0.5893494732088193 0.33445001820154463 18
4.017140084023417 2419 3.4318774075231375 0.6085713536222546 0.5852626765002795 31
4.897213322432549 2420 4.01390126539262 0.6323571168225013 0.8833120570399293 31
5.97686817088244 2421 4.736344259043946 0.6615369775914173 1.240523911838494 31
7.276918396685257 2422 5.619371884704626 0.6966734701806826 1.6575465119806312 31
8.801394904462974 2423 6.680226806415267 0.7378755379584587 2.121168098047707 31
10.530285198525327 2424 7.92536733054633 0.7846023026628467 2.6049178679789966 31
12.324235300717945 2425 9.337467275678097 0.8330874405599444 2.986768025039847 23
14.016184606265583 2426 10.856933657009574 0.8788158001693401 3.159250949256009 35
15.281471264626681 2427 12.36194835274596 0.9130127368818023 2.919522911880721 35
15.795143795704924 2428 13.659625923538691 0.9268957782622953 2.1355178721662327 36
15.339067950135906 2429 14.509245809175392 0.9145694040577272 0.8298221409605144 36
13.933422225387304 2430 14.691766317319832 0.8765789790645216 -0.7583440919325284 39
11.86760164776572 2431 14.104729859319114 0.8207459904801546 -2.2371282115533937 39
9.505663327024308 2432 12.821451058568888 0.7569098196493056 -3.31578773154458 24
7.189323660239516 2433 11.06485288860895 0.6943060448713383 -3.875529228369434 19
5.1523788619274775 2434 9.114589686532836 0.6392534827547967 -3.962210824605359 46
3.450280750312814 2435 7.213753534535559 0.5932508310895355 -3.7634727842227447 46
2.1164404227109657 2436 5.521445474866779 0.5572010925057018 -3.405005052155813 26
1.0886015586465234 2437 4.1114851591299635 0.5294216637472033 -3.02288360048344 26
0.3148843401138919 2438 2.9946633549539974 0.5085103875706457 -2.6797790148401055 15
-0.24722163283831478 2439 2.1447816317184025 0.4933183342476131 -2.3920032645567173 25
-0.6911687032963485 2440 1.5191883289613979 0.4813197647757744 -2.2103570322577464 3
-1.0465659075838758 2441 1.071964068183127 0.4717144349301655 -2.118529975767003 3
-1.3552688917398932 2442 0.7610606042746914 0.4633711110340569 -2.1163294960145844 32
-1.6499600199577138 2443 0.5513574236538933 0.4554064859470888 -2.201317443611607 32
-1.9611909764759652 2444 0.41530748696244785 0.4469948384736226 -2.376498463438413 41
-2.3124785935360492 2445 0.33234593966163695 0.4375005785530798 -2.6448245331976863 41
-2.7264653241587435 2446 0.28779832061230964 0.42631174799570964 -3.014263644771053 41
-3.220659672605173 2447 0.2717069803494749 0.41295514398364397 -3.4923666529546478 41
-3.822923012210138 2448 0.27778630596042314 0.396677756426753 -4.100709318170561 6
-4.56651013865145 2449 0.3025924473646004 0.3765808070634743 -4.869102586016051 6
-5.4644692375674975 2450 0.3449255546374621 0.35231164222790545 -5.80939479220496 37
-6.555374511065471 2451 0.4054513603509954 0.3228277159171494 -6.960825871416467 0
-7.839777361655285 2452 0.4865194293844173 0.288114125360668 -8.326296791039702 0
-9.311369718803522 2453 0.5921577020191587 0.24834135895125617 -9.903527420822682 48
-10.907194475423964 2454 0.7282309247563237 0.20521096012367662 -11.635425400180287 48
-12.49677943639283 2455 0.9027603991420723 0.16224920442181542 -13.399539835534902 8
-13.879945577581326 2456 1.1264113876045518 0.12486633574104523 -15.006356965185878 44
-14.790961417072253 2457 1.413159138825576 0.10024428602507422 -16.20412055589783 44
-14.985017877810893 2458 1.7811385614048876 0.09499951681592178 -16.76615643921578 7
-14.353573458415664 2459 2.2536526393267367 0.11206558220498208 -16.6072260977424 7
-12.991626303576002 2460 2.860231909585483 0.14887496476821616 -15.851858213161485 16
-11.13022239641966 2461 3.637442102970003 0.19918317847514433 -14.767664499389662 16
-9.077898188018233 2462 4.628713767523468 0.25465140032383154 -13.706611955541701 16
-7.0898396098943195 2463 5.881617667688874 0.30838271324609945 -12.971457277583195 45
-5.322916316607957 2464 7.439480966217154 0.3561373968484336 -12.76239728282511 45
-3.8545748713790537 2465 9.322037427068459 0.3958223007735391 -13.176612298447512 12
-2.6907298190129065 2466 11.488373496578397 0.42727757245911063 -14.179103315591304 12
-1.8030088609726747 2467 13.78038414430541 0.4512700307845223 -15.583393005278085 34
-1.1383186218389554 2468 15.867833067721705 0.46923463184219044 -17.00615168956066 34
-0.657018075604114 2469 17.260588632857377 0.48224275471340233 -17.91760670846149 43
-0.30771755952492086 2470 17.46965883283406 0.49168330920202913 -17.77737639235898 29
-0.06334302290993676 2471 16.28262049430829 0.49828802640783953 -16.345963517218227 29
0.1413922409588686 2472 13.925890712907364 0.5038214119178073 -13.784498471948496 2
0.2845338145104428 2473 10.93464695056755 0.5076901030948768 -10.650113136057108 10
0.4164704795758709 2474 7.863341649738003 0.511255958907456 -7.446871170162132 42
0.5491877081936245 2475 5.088708897589967 0.5148429110322601 -4.539521189396343 21
0.6785251884333157 2476 2.779237142065319 0.5183385186063059 -2.100711953632003 21
0.8239920811746302 2477 0.9543601430168291 0.522270056247963 -0.13036806184219896 21
1.0021355368465272 2478 -0.445702962495989 0.5270847442390953 1.4478384993425162 18
1.2153153338026996 2479 -1.5106326724734582 0.5328463603730459 2.725948006276158 18
1.479830254170306 2480 -2.332649351285602 0.5399954122748731 3.812479605455908 18
1.8126237690986677 2481 -2.99410712888831 0.5489898315972613 4.806730897986977 18
2.2318125623703047 2482 -3.563520673587044 0.5603192584424407 5.795333235957349 18
2.764952557896649 2483 -4.095723175777983 0.5747284475107203 6.860675733674632 18
3.4438317003873564 2484 -4.633631838990802 0.5930765324429015 8.077463539378158 18
4.3068520002552155 2485 -5.210190394658875 0.6164014054123031 9.51704239491409 31
5.389493662162796 2486 -5.8496573745656555 0.6456619908692648 11.239151036728451 31
6.725141971735763 2487 -6.567713816634456 0.6817605938306963 13.292855788370218 31
8.336176062491997 2488 -7.370036968678011 0.725302055743027 15.706213031170009 31
10.223208827710689 2489 -8.249193233207196 0.7763029412894781 18.472402060917887 31
12.281859220466892 2490 -9.180151017060604 0.8319421410936998 21.462010237527494 20
14.30987582525848 2491 -10.115621818162257 0.8867534006826616 24.425497643420737 35
15.947463667758356 2492 -10.983841213838796 0.9310125315610367 26.93130488159715 35
16.75559592846775 2493 -11.692719156361225 0.9528539440126418 28.448315084828973 36
16.4094745885619 2494 -12.143948260403784 0.9434993132043756 28.55342284896568 36
14.886540881397679 2495 -12.256778348400982 0.9023389427404779 27.14331922979866 39
12.503492665619618 2496 -11.994129347190519 0.8379322342059357 24.497622012810137 39
9.749299551364512 2497 -11.378489155191131 0.7634945824693111 21.12778870655564 24
7.0496673768721685 2498 -10.48805464435563 0.6905315507262748 17.5377220212278 19
4.684040838144821 2499 -9.43457440515036 0.6265956983282384 14.118615243295181 19
-15.844045954386592 2500 -8.334405382922812 0.07178254177333533 -7.50964057146378 26
