-2.892744e+02
-2.892744e+02
-2.261600e+02
-3.103126e+02
-2.156409e+02
-3.076828e+02
-2.287898e+02
-2.603470e+02
-2.629768e+02
-2.182707e+02
-2.629768e+02
-2.261600e+02
-2.471982e+02
-2.366791e+02
-1.998623e+02
-2.734958e+02
-1.498968e+02
-2.892744e+02
-1.288586e+02
-2.734958e+02
-1.525265e+02
-1.867135e+02
-2.656065e+02
-7.100373e+01
-3.076828e+02
-8.415256e+01
-2.656065e+02
-1.420075e+02
-1.893433e+02
-2.445684e+02
-7.363349e+01
-3.155721e+02
-3.944651e+01
-3.260912e+02
-4.470605e+01
-2.761256e+02
-1.367479e+02
-1.761944e+02
-2.209005e+02
-1.314884e+02
-2.445684e+02
-1.051907e+02
-2.761256e+02
-7.363349e+01
-2.866447e+02
-7.100373e+01
-2.892744e+02
-4.996558e+01
-2.971637e+02
-6.837396e+01
-2.629768e+02
-8.415256e+01
-2.314195e+02
-1.262288e+02
-1.367479e+02
-2.419386e+02
-3.681675e+01
-2.919042e+02
0.000000e+00
-2.840149e+02
-3.681675e+01
-2.235302e+02
-1.025609e+02
-1.630456e+02
-1.367479e+02
-1.367479e+02
-1.683051e+02
-7.363349e+01
-2.156409e+02
-6.837396e+01
-1.630456e+02
-1.262288e+02
-1.183395e+02
-1.420075e+02
-1.262288e+02
-1.078205e+02
-1.972326e+02
-1.051907e+01
-2.708661e+02
0.000000e+00
-2.524577e+02
-5.259535e+00
-2.603470e+02
-4.470605e+01
-1.577861e+02
-1.709349e+02
-8.152280e+01
-1.946028e+02
-7.889303e+01
-2.340493e+02
-4.996558e+01
-1.919730e+02
-1.288586e+02
-1.577861e+02
-8.678233e+01
-1.867135e+02
-1.420075e+02
-7.626326e+01
-2.051219e+02
-9.993117e+01
-1.420075e+02
-1.130800e+02
-1.998623e+02
-5.522512e+01
-1.840837e+02
-5.522512e+01
-2.419386e+02
1.840837e+01
-1.998623e+02
-1.577861e+02
5.259535e+00
-2.419386e+02
-5.259535e+00
-2.550875e+02
8.415256e+01
-3.313507e+02
5.259535e+01
-1.919730e+02
-5.259535e+01
-1.814540e+02
-2.103814e+01
-1.235991e+02
-1.262288e+02
-8.152280e+01
-5.785489e+01
-1.893433e+02
-5.259535e+01
-6.311442e+01
-1.498968e+02
-7.626326e+01
-9.993117e+01
-6.311442e+01
-1.972326e+02
7.889303e+00
-1.630456e+02
-7.889303e+01
-1.157098e+02
-7.363349e+01
-9.993117e+01
-1.972326e+02
8.152280e+01
-2.945340e+02
3.418698e+01
-1.683051e+02
-5.259535e+00
-1.919730e+02
-1.051907e+01
-1.025609e+02
-1.209693e+02
-6.574419e+01
-3.944651e+01
-1.446372e+02
-2.629768e+00
-1.630456e+02
4.207628e+01
-1.919730e+02
2.629768e+01
-8.941210e+01
-1.025609e+02
0.000000e+00
-1.420075e+02
2.892744e+01
-1.709349e+02
3.418698e+01
-1.262288e+02
-2.103814e+01
-8.152280e+01
-6.574419e+01
5.259535e+00
-1.814540e+02
6.837396e+01
-1.761944e+02
6.837396e+01
-2.051219e+02
7.626326e+01
-1.367479e+02
-6.048465e+01
-5.259535e+01
-3.681675e+01
-1.025609e+02
-5.785489e+01
1.840837e+01
-1.788242e+02
1.577861e+01
-1.288586e+02
7.889303e+01
-3.050530e+02
1.735647e+02
-1.604158e+02
-9.204187e+01
1.314884e+01
-9.993117e+01
-3.418698e+01
-8.941210e+01
-4.733582e+01
5.785489e+01
-2.603470e+02
1.788242e+02
-1.788242e+02
-4.470605e+01
4.733582e+01
-1.656754e+02
8.415256e+01
-1.393777e+02
5.259535e+01
-6.837396e+01
-6.574419e+01
7.889303e+01
-1.525265e+02
5.522512e+01
-4.733582e+01
-2.629768e+01
-3.944651e+01
2.629768e+01
-8.152280e+01
-2.629768e+00
-7.889303e+00
-2.366791e+01
-4.733582e+01
4.207628e+01
-4.996558e+01
-2.103814e+01
-7.626326e+01
1.446372e+02
-2.471982e+02
1.709349e+02
-1.341181e+02
1.078205e+02
-2.682363e+02
2.892744e+02
-2.419386e+02
2.629768e+01
2.892744e+01
-3.944651e+01
-5.259535e+01
-1.314884e+01
2.366791e+01
-2.629768e+01
-1.840837e+02
2.629768e+02
-2.656065e+02
4.470605e+01
1.025609e+02
-2.182707e+02
1.656754e+02
-1.814540e+02
1.235991e+02
-5.785489e+01
-1.235991e+02
2.103814e+02
-1.840837e+02
-2.629768e+01
1.972326e+02
-2.419386e+02
9.993117e+01
7.363349e+01
-1.893433e+02
1.946028e+02
-9.467163e+01
0.000000e+00
9.993117e+01
-1.393777e+02
1.288586e+02
0.000000e+00
-1.393777e+02
2.445684e+02
-1.393777e+02
-6.311442e+01
2.761256e+02
-2.708661e+02
1.420075e+02
5.522512e+01
-1.104502e+02
9.993117e+01
5.259535e+00
-3.155721e+01
7.363349e+01
-1.577861e+01
-4.996558e+01
2.103814e+02
-2.787554e+02
2.840149e+02
-1.235991e+02
2.366791e+01
7.363349e+01
-2.366791e+01
7.889303e+00
5.259535e+01
-7.889303e+00
-5.785489e+01
2.103814e+02
-2.182707e+02
1.788242e+02
-2.892744e+01
-1.577861e+01
2.629768e+01
1.235991e+02
-2.156409e+02
3.707972e+02
-4.260224e+02
4.838772e+02
-3.208316e+02
6.574419e+01
3.182019e+02
-4.602093e+02
3.839461e+02
-2.366791e+01
-1.919730e+02
3.182019e+02
-2.130112e+02
1.972326e+02
-1.840837e+01
-9.993117e+01
2.997935e+02
-2.209005e+02
4.996558e+01
2.603470e+02
-2.366791e+02
4.207628e+01
3.602782e+02
-4.365414e+02
3.050530e+02
8.941210e+01
-2.103814e+02
2.235302e+02
-1.051907e+01
-5.785489e+01
2.261600e+02
-2.682363e+02
3.339805e+02
-1.025609e+02
-1.525265e+02
4.418010e+02
-2.287898e+02
-1.288586e+02
5.469917e+02
-4.286521e+02
1.078205e+02
2.550875e+02
-1.446372e+02
7.889303e+00
1.472670e+02
-2.366791e+01
7.889303e+01
-1.341181e+02
2.471982e+02
2.366791e+01
-2.393089e+02
3.655377e+02
-7.889303e+00
-2.577172e+02
3.024233e+02
8.941210e+01
-2.340493e+02
1.525265e+02
1.761944e+02
-1.078205e+02
-6.311442e+01
3.103126e+02
-1.735647e+02
8.941210e+01
-6.311442e+01
2.866447e+02
-2.209005e+02
1.262288e+02
8.415256e+01
2.892744e+01
-8.415256e+01
1.919730e+02
-4.996558e+01
1.209693e+02
-1.235991e+02
2.577172e+02
-9.204187e+01
2.366791e+01
7.889303e+01
1.157098e+02
-1.577861e+02
2.550875e+02
-1.893433e+02
3.839461e+02
-3.760568e+02
3.234614e+02
9.204187e+01
-2.393089e+02
2.024921e+02
2.393089e+02
-3.444996e+02
3.444996e+02
-9.993117e+01
1.498968e+02
-5.259535e+01
1.577861e+01
2.340493e+02
-1.683051e+02
2.629768e+01
2.734958e+02
-1.761944e+02
1.104502e+02
-1.840837e+01
2.734958e+02
-2.787554e+02
2.182707e+02
4.996558e+01
8.152280e+01
-1.814540e+02
3.813163e+02
-1.814540e+02
6.311442e+01
7.100373e+01
1.130800e+02
-7.363349e+01
1.314884e+01
2.077516e+02
-3.681675e+01
-1.367479e+02
3.786865e+02
-1.472670e+02
-3.944651e+01
2.314195e+02
0.000000e+00
-7.363349e+01
2.577172e+02
-7.363349e+01
1.051907e+02
-6.837396e+01
2.840149e+02
-2.524577e+02
3.760568e+02
-2.603470e+02
2.603470e+02
-3.155721e+01
2.366791e+01
7.889303e+01
8.941210e+01
-5.522512e+01
1.788242e+02
-1.525265e+02
3.602782e+02
-2.182707e+02
1.262288e+02
1.946028e+02
-1.683051e+02
1.472670e+02
1.525265e+02
-9.204187e+01
4.733582e+01
1.525265e+02
5.522512e+01
-1.867135e+02
3.182019e+02
-5.259535e+00
-1.025609e+02
1.235991e+02
2.471982e+02
-2.840149e+02
2.603470e+02
1.025609e+02
-6.311442e+01
-7.889303e+01
3.707972e+02
-1.761944e+02
6.048465e+01
1.051907e+02
1.551563e+02
-2.103814e+02
2.024921e+02
1.262288e+02
-4.733582e+01
-1.341181e+02
4.943963e+02
-3.182019e+02
8.678233e+01
2.787554e+02
-1.656754e+02
1.446372e+02
1.051907e+01
6.837396e+01
7.889303e+01
7.626326e+01
-1.078205e+02
3.707972e+02
-3.707972e+02
4.260224e+02
-1.998623e+02
2.524577e+02
-1.525265e+02
2.051219e+02
-1.051907e+01
8.152280e+01
-5.522512e+01
2.656065e+02
-8.678233e+01
4.733582e+01
5.259535e+00
3.313507e+02
-3.182019e+02
2.498279e+02
1.498968e+02
-2.471982e+02
2.892744e+02
-9.467163e+01
2.603470e+02
-2.314195e+02
2.471982e+02
1.051907e+01
-3.681675e+01
1.761944e+02
-8.152280e+01
2.761256e+02
-2.498279e+02
2.366791e+02
1.367479e+02
-1.183395e+02
1.525265e+02
5.259535e+00
1.788242e+02
-2.445684e+02
4.365414e+02
-2.077516e+02
8.415256e+01
7.626326e+01
1.788242e+02
-1.761944e+02
1.314884e+02
2.051219e+02
-1.104502e+02
5.522512e+01
1.919730e+02
-2.366791e+01
-2.629768e+01
1.893433e+02
4.733582e+01
-1.367479e+02
3.260912e+02
-1.551563e+02
1.735647e+02
-6.048465e+01
1.498968e+02
-2.629768e+01
1.314884e+02
-3.418698e+01
7.363349e+01
5.785489e+01
1.367479e+02
-1.446372e+02
2.708661e+02
-7.363349e+01
-3.681675e+01
2.550875e+02
-5.259535e+00
2.629768e+00
-1.314884e+01
3.208316e+02
-1.946028e+02
7.889303e+01
2.629768e+02
-7.363349e+01
-1.157098e+02
3.155721e+02
2.892744e+01
-1.551563e+02
2.577172e+02
5.259535e+01
3.944651e+01
-2.051219e+02
5.180642e+02
-1.761944e+02
-9.993117e+01
3.313507e+02
2.629768e+01
-1.420075e+02
3.944651e+01
5.496214e+02
-5.364726e+02
1.972326e+02
3.629079e+02
-2.840149e+02
1.209693e+02
1.393777e+02
1.893433e+02
-3.707972e+02
3.287210e+02
2.708661e+02
-4.049842e+02
2.577172e+02
2.366791e+02
-1.420075e+02
-1.288586e+02
5.285833e+02
-3.339805e+02
1.130800e+02
2.156409e+02
-7.100373e+01
-7.626326e+01
2.919042e+02
2.629768e+01
-1.788242e+02
3.629079e+02
-1.630456e+02
6.311442e+01
2.235302e+02
-2.366791e+01
-1.288586e+02
3.260912e+02
2.629768e+00
-1.472670e+02
2.077516e+02
2.813851e+02
-4.391712e+02
3.287210e+02
3.076828e+02
-4.523200e+02
2.682363e+02
3.813163e+02
-3.103126e+02
-1.420075e+02
5.785489e+02
1.051907e+01
-5.759191e+02
8.231173e+02
-2.393089e+02
-2.603470e+02
4.812475e+02
1.498968e+02
-4.207628e+02
1.867135e+02
4.865070e+02
-4.496903e+02
1.630456e+02
2.997935e+02
-1.630456e+02
-3.155721e+01
3.129423e+02
-5.259535e+01
-1.078205e+02
2.971637e+02
8.678233e+01
-3.076828e+02
3.865758e+02
5.785489e+01
-2.209005e+02
4.128735e+02
-9.730140e+01
-1.919730e+02
3.444996e+02
2.287898e+02
-3.892056e+02
1.761944e+02
3.918354e+02
-5.128047e+02
5.075451e+02
4.470605e+01
-1.446372e+02
-1.314884e+02
5.969572e+02
-9.993117e+01
-4.023544e+02
5.890679e+02
-2.629768e+00
-3.918354e+02
5.969572e+02
-7.100373e+01
-1.683051e+02
-2.366791e+01
7.889303e+02
-7.941898e+02
2.498279e+02
5.180642e+02
-3.918354e+02
7.363349e+01
2.682363e+02
-2.103814e+01
-1.393777e+02
3.313507e+02
1.472670e+02
-4.260224e+02
2.629768e+02
4.865070e+02
-4.838772e+02
1.814540e+02
2.024921e+02
-8.678233e+01
1.051907e+01
3.707972e+02
-1.867135e+02
-1.183395e+02
2.866447e+02
2.997935e+02
-3.707972e+02
1.709349e+02
1.998623e+02
7.889303e+00
-2.130112e+02
6.784800e+02
-6.101061e+02
2.524577e+02
3.655377e+02
-2.182707e+02
-2.629768e+01
1.604158e+02
3.182019e+02
-3.287210e+02
6.048465e+01
5.285833e+02
-6.048465e+02
4.759879e+02
2.761256e+02
-4.970261e+02
1.367479e+02
4.707284e+02
-5.522512e+01
-3.155721e+02
3.892056e+02
5.259535e+00
-1.209693e+02
3.602782e+02
4.207628e+01
-3.629079e+02
2.656065e+02
4.786177e+02
-5.206940e+02
2.261600e+02
2.919042e+02
-2.314195e+02
5.259535e+00
5.391024e+02
-4.786177e+02
1.130800e+02
4.759879e+02
-1.840837e+02
-3.444996e+02
6.495526e+02
-7.889303e+01
-2.498279e+02
3.550186e+02
9.730140e+01
-3.760568e+02
3.786865e+02
4.917665e+02
-7.889303e+02
3.103126e+02
5.206940e+02
-3.339805e+02
-1.051907e+02
5.627703e+02
-2.366791e+02
-2.130112e+02
5.338428e+02
1.472670e+02
-6.758503e+02
6.101061e+02
2.393089e+02
-3.865758e+02
-4.207628e+01
7.600028e+02
-5.732893e+02
1.235991e+02
3.707972e+02
-1.209693e+02
-2.393089e+02
5.680298e+02
-2.366791e+01
-3.655377e+02
2.445684e+02
4.865070e+02
-4.575796e+02
1.209693e+02
3.970949e+02
-3.366103e+02
2.629768e+01
5.575107e+02
-3.024233e+02
-1.551563e+02
3.707972e+02
1.130800e+02
-1.788242e+02
7.100373e+01
3.313507e+02
-3.313507e+02
2.366791e+02
2.787554e+02
-3.576484e+02
1.998623e+02
3.076828e+02
-1.630456e+02
-8.415256e+01
2.182707e+02
2.892744e+02
-4.233926e+02
3.734270e+02
1.051907e+02
-4.102437e+02
6.679610e+02
-2.445684e+02
9.204187e+01
-1.656754e+02
4.418010e+02
-1.525265e+02
5.522512e+01
1.157098e+02
