2.524577e+02
2.682363e+02
2.524577e+02
2.445684e+02
2.656065e+02
3.024233e+02
3.260912e+02
3.392400e+02
3.339805e+02
2.866447e+02
2.366791e+02
2.682363e+02
3.313507e+02
3.234614e+02
2.314195e+02
1.761944e+02
1.919730e+02
2.024921e+02
1.735647e+02
1.709349e+02
1.709349e+02
1.051907e+02
2.892744e+01
5.785489e+01
1.498968e+02
1.367479e+02
3.681675e+01
2.629768e+00
7.626326e+01
1.025609e+02
7.100373e+01
1.051907e+02
1.761944e+02
1.525265e+02
9.204187e+01
1.498968e+02
2.919042e+02
3.208316e+02
2.445684e+02
2.682363e+02
3.918354e+02
4.339117e+02
3.839461e+02
4.207628e+02
5.417321e+02
5.364726e+02
4.496903e+02
5.075451e+02
6.732205e+02
6.653312e+02
4.970261e+02
4.865070e+02
6.627014e+02
7.047777e+02
5.496214e+02
4.996558e+02
6.258847e+02
6.364038e+02
4.733582e+02
4.233926e+02
5.338428e+02
5.206940e+02
3.523889e+02
3.444996e+02
4.970261e+02
4.365414e+02
1.630456e+02
1.157098e+02
3.523889e+02
4.155033e+02
1.814540e+02
6.837396e+01
2.287898e+02
2.840149e+02
1.051907e+02
7.100373e+01
2.787554e+02
3.366103e+02
1.630456e+02
1.551563e+02
3.970949e+02
4.575796e+02
2.498279e+02
2.182707e+02
5.259535e+02
7.442242e+02
6.364038e+02
5.233238e+02
6.311442e+02
7.652624e+02
7.731517e+02
8.231173e+02
9.756438e+02
1.012461e+03
9.230484e+02
9.440866e+02
1.099243e+03
1.104502e+03
9.335675e+02
8.704531e+02
1.004571e+03
1.120281e+03
1.091354e+03
1.012461e+03
8.809721e+02
6.495526e+02
5.101749e+02
6.469228e+02
8.599340e+02
7.863005e+02
4.628391e+02
2.314195e+02
2.235302e+02
2.813851e+02
2.919042e+02
2.656065e+02
1.735647e+02
1.840837e+01
-3.418698e+01
1.025609e+02
2.393089e+02
1.867135e+02
8.941210e+01
1.604158e+02
3.155721e+02
3.602782e+02
3.707972e+02
5.496214e+02
8.494149e+02
1.049277e+03
1.088724e+03
1.036128e+03
1.009831e+03
1.138689e+03
1.514746e+03
1.964436e+03
2.151150e+03
1.993364e+03
1.780353e+03
1.751425e+03
1.888173e+03
2.074887e+03
2.216894e+03
2.185337e+03
1.953917e+03
1.738276e+03
1.751425e+03
1.840837e+03
1.719868e+03
1.414815e+03
1.170247e+03
1.041388e+03
9.098996e+02
8.204875e+02
8.862317e+02
9.020103e+02
5.864382e+02
1.025609e+02
-8.152280e+01
9.730140e+01
2.471982e+02
1.788242e+02
7.626326e+01
4.733582e+01
1.577861e+01
8.152280e+01
4.365414e+02
8.494149e+02
7.941898e+02
3.050530e+02
7.889303e+01
5.785489e+02
1.470040e+03
2.193226e+03
2.558764e+03
2.456203e+03
1.748795e+03
9.020103e+02
1.022980e+03
2.469352e+03
4.052472e+03
4.357525e+03
3.395030e+03
2.280009e+03
1.746166e+03
1.848727e+03
2.482501e+03
3.287210e+03
3.463404e+03
2.658695e+03
1.664643e+03
1.475300e+03
1.948658e+03
2.169558e+03
1.814540e+03
1.328033e+03
9.835331e+02
7.231861e+02
6.784800e+02
1.062426e+03
1.491078e+03
1.301735e+03
5.443619e+02
5.259535e+00
1.051907e+02
4.996558e+02
8.178577e+02
1.070315e+03
1.220212e+03
1.017720e+03
5.916977e+02
5.206940e+02
9.519759e+02
1.333292e+03
1.235991e+03
1.049277e+03
1.235991e+03
1.569971e+03
1.648864e+03
1.648864e+03
1.846097e+03
1.935509e+03
1.583120e+03
1.217582e+03
1.449002e+03
2.032810e+03
2.319455e+03
2.222154e+03
2.011772e+03
1.683051e+03
1.306994e+03
1.335922e+03
1.872395e+03
2.222154e+03
1.896062e+03
1.451632e+03
1.541044e+03
1.861875e+03
1.809280e+03
1.467410e+03
1.241250e+03
