-3.065230e+03
-3.666710e+03
-3.655143e+03
-5.251376e+03
-3.585741e+03
-5.239809e+03
-5.795021e+03
-4.753999e+03
-6.003225e+03
-5.956957e+03
-6.500602e+03
-6.350232e+03
-6.153595e+03
-8.085268e+03
-5.575249e+03
-6.778208e+03
-6.570003e+03
-4.742432e+03
-4.383858e+03
-2.290248e+03
-1.561532e+03
3.238734e+02
5.748753e+03
2.209279e+03
9.438596e+03
9.716202e+03
1.152064e+04
1.347545e+04
1.324411e+04
1.703805e+04
1.372992e+04
1.390342e+04
1.411163e+04
1.200645e+04
8.143103e+03
7.807662e+03
3.909615e+03
2.625688e+03
-2.776058e+03
-2.590987e+03
-5.205108e+03
-8.119969e+03
-8.015867e+03
-9.357628e+03
-8.501677e+03
-9.334494e+03
-8.305039e+03
-6.188295e+03
-6.037926e+03
-4.198787e+03
-2.579420e+03
-1.156691e+03
1.735036e+02
1.341761e+03
2.047343e+03
3.354403e+03
3.516340e+03
3.597308e+03
4.337590e+03
3.435371e+03
3.840213e+03
3.597308e+03
1.862272e+03
3.053664e+03
1.561532e+03
8.559511e+02
9.831871e+02
-6.477468e+02
3.585741e+02
-1.480564e+03
-2.035776e+03
-8.096835e+02
-3.261868e+03
-2.510019e+03
-2.880160e+03
-3.886481e+03
-2.706656e+03
-5.101006e+03
-2.961128e+03
-4.777133e+03
-4.522661e+03
-4.326023e+03
-5.320777e+03
-4.800267e+03
-5.887556e+03
-5.413313e+03
-5.910690e+03
-6.917011e+03
-5.205108e+03
-6.465901e+03
-6.373366e+03
-4.268189e+03
-5.031605e+03
-2.417484e+03
-2.463751e+03
-2.891727e+02
4.464826e+03
6.477468e+02
8.397575e+03
7.946465e+03
1.001694e+04
1.206428e+04
1.193705e+04
1.604330e+04
1.280457e+04
1.353328e+04
1.403066e+04
1.207585e+04
9.172557e+03
8.247205e+03
5.459580e+03
4.083118e+03
-1.341761e+03
-8.559511e+02
-3.967449e+03
-6.222996e+03
-7.078947e+03
-8.883385e+03
-7.171482e+03
-9.565832e+03
-8.177803e+03
-6.581570e+03
-6.523736e+03
-4.383858e+03
-4.083118e+03
-1.492131e+03
-4.279756e+02
1.850705e+02
1.573099e+03
2.648822e+03
3.007396e+03
3.308135e+03
3.018963e+03
3.955882e+03
2.845459e+03
2.729790e+03
2.012642e+03
1.630934e+03
1.619367e+03
-4.742432e+02
3.123065e+02
-7.981166e+02
-1.110423e+03
-1.677202e+03
-2.510019e+03
-1.561532e+03
-2.914861e+03
-3.308135e+03
-2.498452e+03
-3.389104e+03
-3.123065e+03
-4.013717e+03
-2.799192e+03
-3.782379e+03
-3.840213e+03
-3.539474e+03
-3.527907e+03
-4.071551e+03
-4.071551e+03
-3.481639e+03
-4.013717e+03
-4.673031e+03
-2.776058e+03
-3.805512e+03
-3.666710e+03
-2.151445e+03
-1.839138e+03
-4.973770e+02
-7.865497e+02
1.792871e+03
4.869668e+03
1.515265e+03
7.611025e+03
7.333419e+03
8.362874e+03
9.646801e+03
9.276660e+03
1.308217e+04
9.056888e+03
1.002851e+04
1.045648e+04
8.409142e+03
6.061059e+03
4.985337e+03
3.273435e+03
1.769737e+03
-2.544720e+03
-2.186145e+03
-4.048418e+03
-6.396500e+03
-6.720373e+03
-7.969599e+03
-6.581570e+03
-8.050567e+03
-7.483789e+03
-5.355478e+03
-5.424879e+03
-3.770812e+03
-2.903294e+03
-1.468997e+03
5.783454e+02
3.585741e+02
1.873839e+03
2.833892e+03
3.250301e+03
3.597308e+03
3.238734e+03
3.585741e+03
4.059984e+03
2.405917e+03
1.977941e+03
2.590987e+03
1.156691e+03
5.320777e+02
-6.593137e+02
2.313381e+02
-1.006321e+03
-2.637255e+03
-1.723469e+03
-2.047343e+03
-3.215600e+03
-3.308135e+03
-3.238734e+03
-2.833892e+03
-4.013717e+03
-3.909615e+03
-2.671956e+03
-3.921182e+03
-3.689843e+03
-2.972695e+03
-3.574174e+03
-2.822325e+03
-3.608875e+03
-2.371216e+03
-2.799192e+03
-2.972695e+03
-1.202958e+03
-2.394350e+03
-1.156691e+03
-3.238734e+02
3.470072e+01
1.156691e+03
1.191391e+03
3.724544e+03
4.198787e+03
3.666710e+03
7.298718e+03
6.361799e+03
7.934898e+03
7.668860e+03
8.675180e+03
9.091589e+03
7.657293e+03
7.599458e+03
7.391254e+03
5.528982e+03
4.349157e+03
2.822325e+03
1.341761e+03
1.388029e+02
-2.567853e+03
-2.926428e+03
-4.661464e+03
-5.436446e+03
-6.627838e+03
-6.836042e+03
-6.570003e+03
-6.997979e+03
-6.419634e+03
-5.644651e+03
-4.684597e+03
-3.979016e+03
-3.053664e+03
-1.758170e+03
-7.749828e+02
-3.007396e+02
6.246130e+02
1.283927e+03
1.630934e+03
1.862272e+03
1.781304e+03
2.255547e+03
1.769737e+03
1.538399e+03
1.596233e+03
9.022188e+02
1.202958e+03
5.436446e+02
3.238734e+02
6.708806e+02
4.626763e+01
3.354403e+02
1.388029e+02
5.783454e+01
5.436446e+02
-1.041022e+02
2.197712e+02
3.817079e+02
-1.041022e+02
5.783454e+01
-2.197712e+02
-2.891727e+02
-4.858101e+02
-1.041022e+03
-7.055813e+02
-1.434296e+03
-1.480564e+03
-1.700335e+03
-2.058909e+03
-1.711902e+03
-2.625688e+03
-2.024209e+03
-1.804438e+03
-2.486885e+03
-1.237659e+03
-1.607800e+03
-7.055813e+02
5.783454e+01
-6.014792e+02
2.070476e+03
1.272360e+03
1.885406e+03
3.863347e+03
2.695089e+03
4.511094e+03
3.932748e+03
4.175654e+03
5.043172e+03
3.204033e+03
4.152520e+03
3.331269e+03
1.931674e+03
2.255547e+03
5.089439e+02
1.156691e+02
-5.089439e+02
-2.093610e+03
-1.654068e+03
-3.065230e+03
-2.984262e+03
-3.123065e+03
-3.759245e+03
-2.822325e+03
-3.146199e+03
-2.857026e+03
-2.058909e+03
-1.977941e+03
-1.226092e+03
-9.716202e+02
-5.783454e+02
2.197712e+02
0.000000e+00
4.626763e+02
7.518490e+02
7.171482e+02
7.287152e+02
7.981166e+02
6.477468e+02
7.518490e+02
3.354403e+02
4.395425e+02
5.436446e+02
-1.156691e+01
3.354403e+02
3.701410e+02
-6.940144e+01
4.626763e+02
1.272360e+02
3.238734e+02
5.783454e+02
-3.470072e+01
9.253526e+02
2.313381e+02
4.742432e+02
7.518490e+02
8.096835e+01
7.402821e+02
2.544720e+02
1.041022e+02
5.205108e+02
-1.735036e+02
