-1.156691e+01
0.000000e+00
1.272360e+02
-1.388029e+02
-5.783454e+01
1.156691e+02
4.626763e+01
-1.388029e+02
-2.313381e+01
1.503698e+02
1.156691e+01
-2.082043e+02
6.940144e+01
1.619367e+02
-5.783454e+01
-2.544720e+02
2.082043e+02
1.041022e+02
-1.503698e+02
-1.966374e+02
2.776058e+02
1.619367e+02
-4.973770e+02
2.197712e+02
8.096835e+01
3.007396e+02
-7.865497e+02
5.552115e+02
1.503698e+02
-1.619367e+02
-3.932748e+02
4.279756e+02
3.470072e+02
-6.824475e+02
1.272360e+02
3.238734e+02
2.660389e+02
-9.484864e+02
6.246130e+02
1.735036e+02
-5.783454e+01
-6.593137e+02
5.783454e+02
3.932748e+02
-8.790850e+02
2.082043e+02
2.313381e+02
3.354403e+02
-1.006321e+03
4.742432e+02
3.238734e+02
-2.313381e+02
-5.899123e+02
4.973770e+02
3.238734e+02
-6.246130e+02
-1.041022e+02
4.395425e+02
2.313381e+02
-8.212504e+02
3.932748e+02
3.238734e+02
-4.626763e+01
-5.552115e+02
4.973770e+02
3.354403e+02
-4.048418e+02
-1.388029e+02
5.320777e+02
9.253526e+01
-4.164087e+02
3.470072e+01
5.899123e+02
-3.238734e+02
-2.891727e+02
2.197712e+02
3.238734e+02
-4.973770e+02
-1.850705e+02
3.238734e+02
3.470072e+01
-5.899123e+02
5.783454e+01
2.776058e+02
-2.660389e+02
-3.701410e+02
9.253526e+01
3.238734e+02
-5.783454e+02
-4.626763e+01
1.503698e+02
1.619367e+02
-4.858101e+02
1.619367e+02
2.776058e+02
-2.313381e+01
-2.429051e+02
3.701410e+02
3.123065e+02
-8.096835e+01
2.313381e+01
4.395425e+02
3.585741e+02
-1.735036e+02
3.585741e+02
3.932748e+02
2.429051e+02
-1.388029e+02
3.470072e+02
3.470072e+02
-6.940144e+01
-1.503698e+02
2.197712e+02
-3.470072e+01
-2.891727e+02
-3.817079e+02
2.313381e+01
-3.817079e+02
-6.708806e+02
-3.470072e+02
-3.470072e+02
-6.130461e+02
-7.518490e+02
-3.354403e+02
-4.395425e+02
-6.361799e+02
-4.742432e+02
-1.388029e+02
-3.123065e+02
-2.660389e+02
-3.470072e+01
2.429051e+02
1.041022e+02
1.735036e+02
6.014792e+02
4.973770e+02
6.593137e+02
5.667785e+02
9.716202e+02
7.402821e+02
7.865497e+02
8.212504e+02
8.328173e+02
6.361799e+02
5.899123e+02
4.395425e+02
4.164087e+02
2.313381e+01
1.503698e+02
-3.007396e+02
-2.891727e+02
-5.899123e+02
-5.320777e+02
-8.906519e+02
-8.906519e+02
-7.749828e+02
-1.006321e+03
-9.484864e+02
-8.675180e+02
-4.279756e+02
-8.906519e+02
-3.238734e+02
-1.272360e+02
2.429051e+02
-6.940144e+01
6.361799e+02
1.133557e+03
7.055813e+02
1.191391e+03
1.272360e+03
2.151445e+03
7.287152e+02
1.804438e+03
1.688768e+03
1.445863e+03
6.940144e+02
1.087289e+03
1.133557e+03
-9.253526e+01
-1.272360e+02
-1.156691e+01
-2.891727e+02
-1.619367e+03
-9.600533e+02
-1.260793e+03
-1.584666e+03
-2.556287e+03
-1.584666e+03
-1.931674e+03
-2.671956e+03
-2.579420e+03
-1.943240e+03
-2.486885e+03
-2.845459e+03
-2.498452e+03
-1.607800e+03
-2.787625e+03
-2.001075e+03
-1.468997e+03
-8.559511e+02
-1.156691e+03
-2.891727e+02
1.422730e+03
8.328173e+02
2.058909e+03
2.729790e+03
4.233488e+03
3.296569e+03
4.673031e+03
4.892802e+03
5.274510e+03
3.840213e+03
4.823400e+03
4.187220e+03
2.822325e+03
2.197712e+03
1.503698e+03
1.191391e+03
-1.492131e+03
-8.096835e+02
-1.885406e+03
-2.417484e+03
-3.759245e+03
-2.718223e+03
-3.053664e+03
-3.493206e+03
-3.227167e+03
-1.908540e+03
-2.267114e+03
-2.116744e+03
-1.179825e+03
-4.511094e+02
-7.402821e+02
-6.940144e+02
5.783454e+02
2.776058e+02
-8.096835e+01
5.089439e+02
9.831871e+02
7.981166e+02
3.007396e+02
1.526832e+03
1.642501e+03
1.121990e+03
1.723469e+03
2.417484e+03
2.429051e+03
1.804438e+03
2.741357e+03
2.880160e+03
2.001075e+03
1.827571e+03
2.232413e+03
1.295494e+03
5.667785e+02
-5.783454e+01
3.238734e+02
-1.503698e+03
-1.792871e+03
-1.966374e+03
-2.510019e+03
-3.516340e+03
-3.608875e+03
-3.365970e+03
-4.152520e+03
-4.615196e+03
-3.840213e+03
-4.268189e+03
-4.534228e+03
-4.441692e+03
-3.770812e+03
-4.083118e+03
-4.499527e+03
-3.134632e+03
-3.285002e+03
-3.238734e+03
-2.475318e+03
-1.179825e+03
-7.634159e+02
-1.388029e+02
1.630934e+03
3.620442e+03
3.192466e+03
5.887556e+03
6.940144e+03
8.200937e+03
8.247205e+03
9.450163e+03
1.037552e+04
8.952786e+03
8.652047e+03
8.466976e+03
6.847609e+03
4.592062e+03
3.157766e+03
1.816004e+03
-6.014792e+02
-3.273435e+03
-3.585741e+03
-5.401746e+03
-6.708806e+03
-7.460655e+03
-7.044247e+03
-6.836042e+03
-7.437521e+03
-5.714052e+03
-4.696164e+03
-4.002150e+03
-2.995829e+03
-1.711902e+03
-1.735036e+02
-2.776058e+02
7.865497e+02
1.549966e+03
1.873839e+03
1.619367e+03
2.128311e+03
2.139878e+03
2.348082e+03
1.723469e+03
2.405917e+03
2.324948e+03
2.533153e+03
2.417484e+03
2.845459e+03
3.308135e+03
2.787625e+03
3.296569e+03
2.995829e+03
2.984262e+03
2.544720e+03
1.630934e+03
1.792871e+03
3.238734e+02
-2.544720e+02
-1.214525e+03
-2.197712e+03
-2.845459e+03
-4.349157e+03
-4.511094e+03
-5.783454e+03
-6.107327e+03
-6.859176e+03
-7.183049e+03
-7.576324e+03
-7.553190e+03
-7.726694e+03
-7.564757e+03
-7.425954e+03
-6.442767e+03
-6.061059e+03
-5.806587e+03
-3.342836e+03
-3.088364e+03
-8.675180e+02
-1.156691e+02
3.007396e+03
5.124140e+03
4.800267e+03
9.588966e+03
9.693068e+03
1.198332e+04
1.139340e+04
1.416946e+04
1.353328e+04
1.255009e+04
1.133557e+04
1.199488e+04
8.305039e+03
5.933823e+03
4.592062e+03
1.827571e+03
-5.899123e+02
-4.753999e+03
-3.782379e+03
-7.379687e+03
-8.432275e+03
-9.299793e+03
-8.582645e+03
-8.825550e+03
-9.195691e+03
-6.997979e+03
-5.841288e+03
-5.101006e+03
-3.874914e+03
-1.885406e+03
-7.171482e+02
-3.470072e+02
7.865497e+02
1.735036e+03
2.139878e+03
1.781304e+03
2.718223e+03
2.475318e+03
2.776058e+03
2.440617e+03
2.891727e+03
2.891727e+03
2.949561e+03
3.180899e+03
2.833892e+03
3.562607e+03
2.729790e+03
3.377537e+03
2.197712e+03
2.440617e+03
2.174579e+03
7.171482e+02
6.824475e+02
-3.123065e+02
-5.552115e+02
-2.139878e+03
-2.590987e+03
-2.625688e+03
-4.048418e+03
-4.545795e+03
-4.904369e+03
-5.112573e+03
-5.910690e+03
-6.546870e+03
-6.257697e+03
-6.789775e+03
-7.287152e+03
-6.997979e+03
-7.564757e+03
-6.500602e+03
-6.766641e+03
-6.315531e+03
-4.592062e+03
-4.002150e+03
-1.954807e+03
-9.137857e+02
9.831871e+02
5.343911e+03
3.516340e+03
8.605779e+03
9.392329e+03
1.111580e+04
1.183295e+04
1.214525e+04
1.434296e+04
1.194862e+04
1.110423e+04
1.109266e+04
9.080022e+03
5.563682e+03
4.904369e+03
1.411163e+03
8.790850e+02
-4.256622e+03
-3.504773e+03
-5.875989e+03
-7.217750e+03
-7.611025e+03
-7.992733e+03
-6.720373e+03
-7.356553e+03
-5.887556e+03
-4.592062e+03
-3.308135e+03
-2.359649e+03
-1.133557e+03
3.701410e+02
1.376462e+03
1.619367e+03
2.614121e+03
3.273435e+03
3.273435e+03
3.308135e+03
3.296569e+03
3.516340e+03
2.845459e+03
2.764491e+03
2.197712e+03
2.128311e+03
1.758170e+03
6.940144e+02
1.226092e+03
6.940144e+01
2.660389e+02
-4.973770e+02
-1.318627e+03
-3.585741e+02
-2.290248e+03
-1.896973e+03
-2.371216e+03
-2.706656e+03
-3.030530e+03
-4.036851e+03
-3.053664e+03
-4.418559e+03
-4.684597e+03
-4.557361e+03
-5.239809e+03
-5.482714e+03
-6.627838e+03
-5.482714e+03
-7.113648e+03
-7.113648e+03
-6.222996e+03
-6.581570e+03
-6.500602e+03
-4.603629e+03
-4.383858e+03
-1.781304e+03
-1.908540e+03
1.630934e+03
4.881235e+03
2.359649e+03
1.039865e+04
7.738261e+03
1.216839e+04
1.119677e+04
1.315157e+04
1.443550e+04
1.141654e+04
1.226092e+04
1.143967e+04
8.536378e+03
6.303964e+03
4.927502e+03
1.816004e+03
7.171482e+02
-4.441692e+03
-2.197712e+03
-6.523736e+03
-6.697239e+03
-7.009546e+03
-7.599458e+03
-5.818154e+03
-7.691993e+03
-4.349157e+03
-4.106252e+03
-3.134632e+03
-1.538399e+03
-5.436446e+02
8.906519e+02
1.121990e+03
2.209279e+03
2.810758e+03
2.810758e+03
3.018963e+03
3.446938e+03
2.695089e+03
3.169333e+03
2.278681e+03
3.146199e+03
1.191391e+03
2.105177e+03
1.827571e+03
2.544720e+02
1.272360e+03
-4.511094e+02
5.552115e+02
-1.145124e+03
-1.850705e+03
-2.197712e+02
-3.458505e+03
-2.290248e+03
-3.065230e+03
-3.666710e+03
-3.655143e+03
-5.251376e+03
-3.585741e+03
-5.239809e+03
-5.795021e+03
-4.753999e+03
-6.003225e+03
-5.956957e+03
-6.500602e+03
-6.350232e+03
-6.153595e+03
-8.085268e+03
-5.575249e+03
-6.778208e+03
-6.570003e+03
-4.742432e+03
-4.383858e+03
-2.290248e+03
-1.561532e+03
3.238734e+02
5.748753e+03
2.209279e+03
9.438596e+03
9.716202e+03
1.152064e+04
1.347545e+04
1.324411e+04
1.703805e+04
1.372992e+04
1.390342e+04
1.411163e+04
1.200645e+04
8.143103e+03
7.807662e+03
3.909615e+03
2.625688e+03
-2.776058e+03
-2.590987e+03
-5.205108e+03
-8.119969e+03
-8.015867e+03
-9.357628e+03
-8.501677e+03
-9.334494e+03
-8.305039e+03
-6.188295e+03
-6.037926e+03
-4.198787e+03
-2.579420e+03
-1.156691e+03
1.735036e+02
1.341761e+03
2.047343e+03
3.354403e+03
3.516340e+03
3.597308e+03
4.337590e+03
3.435371e+03
3.840213e+03
3.597308e+03
1.862272e+03
3.053664e+03
1.561532e+03
8.559511e+02
9.831871e+02
-6.477468e+02
3.585741e+02
-1.480564e+03
-2.035776e+03
-8.096835e+02
-3.261868e+03
-2.510019e+03
-2.880160e+03
-3.886481e+03
-2.706656e+03
-5.101006e+03
-2.961128e+03
-4.777133e+03
-4.522661e+03
-4.326023e+03
-5.320777e+03
-4.800267e+03
-5.887556e+03
-5.413313e+03
-5.910690e+03
-6.917011e+03
-5.205108e+03
-6.465901e+03
-6.373366e+03
-4.268189e+03
-5.031605e+03
-2.417484e+03
-2.463751e+03
-2.891727e+02
4.464826e+03
6.477468e+02
8.397575e+03
7.946465e+03
1.001694e+04
1.206428e+04
1.193705e+04
1.604330e+04
1.280457e+04
1.353328e+04
1.403066e+04
1.207585e+04
9.172557e+03
8.247205e+03
5.459580e+03
4.083118e+03
-1.341761e+03
-8.559511e+02
-3.967449e+03
-6.222996e+03
-7.078947e+03
-8.883385e+03
-7.171482e+03
-9.565832e+03
-8.177803e+03
-6.581570e+03
-6.523736e+03
-4.383858e+03
-4.083118e+03
-1.492131e+03
-4.279756e+02
1.850705e+02
1.573099e+03
2.648822e+03
3.007396e+03
3.308135e+03
3.018963e+03
3.955882e+03
2.845459e+03
2.729790e+03
2.012642e+03
1.630934e+03
1.619367e+03
-4.742432e+02
3.123065e+02
-7.981166e+02
-1.110423e+03
-1.677202e+03
-2.510019e+03
-1.561532e+03
-2.914861e+03
-3.308135e+03
-2.498452e+03
-3.389104e+03
-3.123065e+03
-4.013717e+03
-2.799192e+03
-3.782379e+03
-3.840213e+03
-3.539474e+03
-3.527907e+03
-4.071551e+03
-4.071551e+03
-3.481639e+03
-4.013717e+03
-4.673031e+03
-2.776058e+03
-3.805512e+03
-3.666710e+03
-2.151445e+03
-1.839138e+03
-4.973770e+02
-7.865497e+02
1.792871e+03
4.869668e+03
1.515265e+03
7.611025e+03
7.333419e+03
8.362874e+03
9.646801e+03
9.276660e+03
1.308217e+04
9.056888e+03
1.002851e+04
1.045648e+04
8.409142e+03
6.061059e+03
4.985337e+03
3.273435e+03
1.769737e+03
-2.544720e+03
-2.186145e+03
-4.048418e+03
-6.396500e+03
-6.720373e+03
-7.969599e+03
-6.581570e+03
-8.050567e+03
-7.483789e+03
-5.355478e+03
-5.424879e+03
-3.770812e+03
-2.903294e+03
-1.468997e+03
5.783454e+02
3.585741e+02
1.873839e+03
2.833892e+03
3.250301e+03
3.597308e+03
3.238734e+03
3.585741e+03
4.059984e+03
2.405917e+03
1.977941e+03
2.590987e+03
1.156691e+03
5.320777e+02
-6.593137e+02
2.313381e+02
-1.006321e+03
-2.637255e+03
-1.723469e+03
-2.047343e+03
-3.215600e+03
-3.308135e+03
-3.238734e+03
-2.833892e+03
-4.013717e+03
-3.909615e+03
-2.671956e+03
-3.921182e+03
-3.689843e+03
-2.972695e+03
-3.574174e+03
-2.822325e+03
-3.608875e+03
-2.371216e+03
-2.799192e+03
-2.972695e+03
-1.202958e+03
-2.394350e+03
-1.156691e+03
-3.238734e+02
3.470072e+01
1.156691e+03
1.191391e+03
3.724544e+03
4.198787e+03
3.666710e+03
7.298718e+03
6.361799e+03
7.934898e+03
7.668860e+03
8.675180e+03
9.091589e+03
7.657293e+03
7.599458e+03
7.391254e+03
5.528982e+03
4.349157e+03
2.822325e+03
1.341761e+03
1.388029e+02
-2.567853e+03
-2.926428e+03
-4.661464e+03
-5.436446e+03
-6.627838e+03
-6.836042e+03
-6.570003e+03
-6.997979e+03
-6.419634e+03
-5.644651e+03
-4.684597e+03
-3.979016e+03
-3.053664e+03
-1.758170e+03
-7.749828e+02
-3.007396e+02
6.246130e+02
1.283927e+03
1.630934e+03
1.862272e+03
1.781304e+03
2.255547e+03
1.769737e+03
1.538399e+03
1.596233e+03
9.022188e+02
1.202958e+03
5.436446e+02
3.238734e+02
6.708806e+02
4.626763e+01
3.354403e+02
1.388029e+02
5.783454e+01
5.436446e+02
-1.041022e+02
2.197712e+02
3.817079e+02
-1.041022e+02
5.783454e+01
-2.197712e+02
-2.891727e+02
-4.858101e+02
-1.041022e+03
-7.055813e+02
-1.434296e+03
-1.480564e+03
-1.700335e+03
-2.058909e+03
-1.711902e+03
-2.625688e+03
-2.024209e+03
-1.804438e+03
-2.486885e+03
-1.237659e+03
-1.607800e+03
-7.055813e+02
5.783454e+01
-6.014792e+02
2.070476e+03
1.272360e+03
1.885406e+03
3.863347e+03
2.695089e+03
4.511094e+03
3.932748e+03
4.175654e+03
5.043172e+03
3.204033e+03
4.152520e+03
3.331269e+03
1.931674e+03
2.255547e+03
5.089439e+02
1.156691e+02
-5.089439e+02
-2.093610e+03
-1.654068e+03
-3.065230e+03
-2.984262e+03
-3.123065e+03
-3.759245e+03
-2.822325e+03
-3.146199e+03
-2.857026e+03
-2.058909e+03
-1.977941e+03
-1.226092e+03
-9.716202e+02
-5.783454e+02
2.197712e+02
0.000000e+00
4.626763e+02
7.518490e+02
7.171482e+02
7.287152e+02
7.981166e+02
6.477468e+02
7.518490e+02
3.354403e+02
4.395425e+02
5.436446e+02
-1.156691e+01
3.354403e+02
3.701410e+02
-6.940144e+01
4.626763e+02
1.272360e+02
3.238734e+02
5.783454e+02
-3.470072e+01
9.253526e+02
2.313381e+02
4.742432e+02
7.518490e+02
8.096835e+01
7.402821e+02
2.544720e+02
1.041022e+02
5.205108e+02
-1.735036e+02
5.783454e+01
-9.253526e+01
-4.279756e+02
-1.503698e+02
-8.096835e+02
-3.817079e+02
-7.287152e+02
-8.906519e+02
-6.361799e+02
-8.443842e+02
-7.055813e+02
-7.518490e+02
-5.436446e+02
-4.742432e+02
-4.279756e+02
-2.197712e+02
3.470072e+01
-1.156691e+02
3.817079e+02
4.164087e+02
2.429051e+02
8.906519e+02
4.742432e+02
7.287152e+02
8.906519e+02
3.354403e+02
1.006321e+03
4.511094e+02
3.007396e+02
6.708806e+02
3.470072e+01
2.082043e+02
1.156691e+02
-3.932748e+02
1.850705e+02
-4.742432e+02
-4.395425e+02
-5.783454e+01
-7.055813e+02
-2.082043e+02
-3.817079e+02
-5.089439e+02
-3.470072e+01
-3.932748e+02
-1.735036e+02
1.156691e+01
-1.619367e+02
1.966374e+02
-1.272360e+02
2.429051e+02
1.619367e+02
0.000000e+00
1.272360e+02
1.041022e+02
1.156691e+01
-8.096835e+01
-1.272360e+02
-3.470072e+01
-2.660389e+02
-2.660389e+02
-2.544720e+02
-2.197712e+02
-2.544720e+02
-3.354403e+02
-5.783454e+01
-1.503698e+02
1.156691e+01
-5.783454e+01
2.776058e+02
2.313381e+02
1.966374e+02
4.626763e+02
4.048418e+02
4.395425e+02
4.048418e+02
4.048418e+02
4.511094e+02
1.503698e+02
3.354403e+02
1.156691e+02
-3.470072e+01
5.783454e+01
-2.660389e+02
-1.041022e+02
-3.238734e+02
-3.817079e+02
-1.966374e+02
-4.742432e+02
-3.238734e+02
-2.082043e+02
-3.701410e+02
-1.272360e+02
-1.503698e+02
-1.041022e+02
1.272360e+02
-1.156691e+01
2.313381e+02
2.429051e+02
2.544720e+02
3.701410e+02
3.354403e+02
3.123065e+02
4.164087e+02
2.197712e+02
2.082043e+02
2.429051e+02
4.626763e+01
0.000000e+00
-1.503698e+02
-1.619367e+02
-2.313381e+02
-4.511094e+02
-4.164087e+02
-3.238734e+02
-6.130461e+02
-3.585741e+02
-4.511094e+02
-3.007396e+02
-2.082043e+02
-3.007396e+02
1.156691e+02
-2.313381e+01
8.096835e+01
3.007396e+02
1.735036e+02
4.164087e+02
3.007396e+02
2.660389e+02
4.742432e+02
1.156691e+02
2.891727e+02
1.272360e+02
5.783454e+01
8.096835e+01
-1.503698e+02
-4.626763e+01
-1.388029e+02
-2.082043e+02
-1.041022e+02
-3.007396e+02
1.156691e+01
-1.619367e+02
-9.253526e+01
1.156691e+02
-4.626763e+01
1.850705e+02
1.388029e+02
1.503698e+02
2.660389e+02
1.388029e+02
2.313381e+02
1.966374e+02
6.940144e+01
1.966374e+02
2.313381e+01
-2.313381e+01
3.470072e+01
-1.272360e+02
-1.041022e+02
-1.503698e+02
-1.735036e+02
-1.850705e+02
-2.544720e+02
-2.082043e+02
-2.082043e+02
-2.660389e+02
-1.735036e+02
-1.619367e+02
-2.082043e+02
-1.272360e+02
-8.096835e+01
-9.253526e+01
0.000000e+00
-3.470072e+01
8.096835e+01
8.096835e+01
5.783454e+01
1.966374e+02
1.041022e+02
1.850705e+02
1.850705e+02
1.503698e+02
2.082043e+02
1.272360e+02
9.253526e+01
1.619367e+02
0.000000e+00
4.626763e+01
4.626763e+01
1.156691e+01
0.000000e+00
-4.626763e+01
0.000000e+00
-1.156691e+01
-1.156691e+01
-3.470072e+01
1.156691e+01
0.000000e+00
0.000000e+00
-3.470072e+01
1.156691e+01
2.313381e+01
-4.626763e+01
-4.626763e+01
-1.156691e+01
-5.783454e+01
-5.783454e+01
-8.096835e+01
-4.626763e+01
-6.940144e+01
-9.253526e+01
-4.626763e+01
-1.156691e+01
-4.626763e+01
2.313381e+01
0.000000e+00
2.313381e+01
4.626763e+01
3.470072e+01
5.783454e+01
8.096835e+01
2.313381e+01
2.313381e+01
5.783454e+01
3.470072e+01
1.156691e+01
0.000000e+00
2.313381e+01
-2.313381e+01
1.156691e+01
-4.626763e+01
0.000000e+00
0.000000e+00
-3.470072e+01
0.000000e+00
-4.626763e+01
4.626763e+01
-4.626763e+01
-3.470072e+01
-1.156691e+01
-5.783454e+01
-4.626763e+01
-6.940144e+01
-9.253526e+01
-8.096835e+01
-1.041022e+02
-9.253526e+01
-1.041022e+02
-8.096835e+01
-3.470072e+01
-9.253526e+01
-1.156691e+01
3.470072e+01
5.783454e+01
6.940144e+01
1.041022e+02
1.735036e+02
1.272360e+02
1.619367e+02
2.082043e+02
1.619367e+02
1.388029e+02
1.388029e+02
1.503698e+02
5.783454e+01
2.313381e+01
8.096835e+01
-3.470072e+01
-1.156691e+01
-4.626763e+01
-8.096835e+01
-4.626763e+01
-1.156691e+02
-8.096835e+01
-6.940144e+01
-1.388029e+02
-4.626763e+01
-1.041022e+02
-1.041022e+02
-4.626763e+01
-6.940144e+01
-4.626763e+01
-5.783454e+01
-3.470072e+01
1.156691e+01
-2.313381e+01
1.156691e+01
3.470072e+01
4.626763e+01
3.470072e+01
3.470072e+01
5.783454e+01
3.470072e+01
1.156691e+01
2.313381e+01
-1.156691e+01
-1.156691e+01
-3.470072e+01
-5.783454e+01
-4.626763e+01
-4.626763e+01
-6.940144e+01
-6.940144e+01
-3.470072e+01
-5.783454e+01
-3.470072e+01
-2.313381e+01
3.470072e+01
2.313381e+01
2.313381e+01
8.096835e+01
8.096835e+01
8.096835e+01
6.940144e+01
9.253526e+01
9.253526e+01
6.940144e+01
4.626763e+01
5.783454e+01
5.783454e+01
2.313381e+01
-1.156691e+01
3.470072e+01
0.000000e+00
-2.313381e+01
-4.626763e+01
0.000000e+00
-3.470072e+01
-4.626763e+01
-3.470072e+01
-2.313381e+01
-3.470072e+01
-2.313381e+01
-4.626763e+01
0.000000e+00
-2.313381e+01
-2.313381e+01
2.313381e+01
-1.156691e+01
3.470072e+01
0.000000e+00
0.000000e+00
3.470072e+01
-2.313381e+01
1.156691e+01
-1.156691e+01
-1.156691e+01
0.000000e+00
-1.156691e+01
0.000000e+00
-1.156691e+01
0.000000e+00
0.000000e+00
0.000000e+00
1.156691e+01
2.313381e+01
1.156691e+01
2.313381e+01
2.313381e+01
6.940144e+01
3.470072e+01
2.313381e+01
5.783454e+01
6.940144e+01
3.470072e+01
0.000000e+00
6.940144e+01
2.313381e+01
1.156691e+01
0.000000e+00
2.313381e+01
2.313381e+01
-3.470072e+01
-1.156691e+01
-2.313381e+01
-4.626763e+01
-2.313381e+01
-4.626763e+01
-3.470072e+01
-3.470072e+01
-4.626763e+01
-1.156691e+01
-2.313381e+01
1.156691e+01
1.156691e+01
2.313381e+01
5.783454e+01
5.783454e+01
6.940144e+01
8.096835e+01
8.096835e+01
1.041022e+02
6.940144e+01
6.940144e+01
1.041022e+02
5.783454e+01
5.783454e+01
4.626763e+01
4.626763e+01
3.470072e+01
0.000000e+00
3.470072e+01
2.313381e+01
0.000000e+00
0.000000e+00
1.156691e+01
2.313381e+01
2.313381e+01
3.470072e+01
1.156691e+01
3.470072e+01
5.783454e+01
0.000000e+00
3.470072e+01
4.626763e+01
4.626763e+01
1.156691e+01
2.313381e+01
3.470072e+01
2.313381e+01
1.156691e+01
1.156691e+01
3.470072e+01
3.470072e+01
1.156691e+01
2.313381e+01
2.313381e+01
3.470072e+01
3.470072e+01
3.470072e+01
5.783454e+01
3.470072e+01
4.626763e+01
6.940144e+01
5.783454e+01
8.096835e+01
5.783454e+01
8.096835e+01
9.253526e+01
5.783454e+01
9.253526e+01
1.041022e+02
1.156691e+02
1.041022e+02
9.253526e+01
1.041022e+02
1.156691e+02
1.156691e+02
1.041022e+02
1.272360e+02
1.156691e+02
9.253526e+01
1.041022e+02
1.041022e+02
1.156691e+02
9.253526e+01
6.940144e+01
1.041022e+02
8.096835e+01
6.940144e+01
8.096835e+01
6.940144e+01
8.096835e+01
5.783454e+01
6.940144e+01
9.253526e+01
8.096835e+01
8.096835e+01
1.041022e+02
1.041022e+02
1.156691e+02
1.041022e+02
1.272360e+02
1.156691e+02
1.156691e+02
1.388029e+02
1.388029e+02
1.388029e+02
1.388029e+02
1.388029e+02
1.503698e+02
1.619367e+02
1.735036e+02
1.619367e+02
1.735036e+02
1.850705e+02
1.850705e+02
1.619367e+02
1.966374e+02
1.966374e+02
2.082043e+02
1.966374e+02
1.966374e+02
2.082043e+02
2.082043e+02
2.082043e+02
2.082043e+02
2.197712e+02
2.082043e+02
1.966374e+02
2.197712e+02
2.082043e+02
1.966374e+02
2.082043e+02
2.082043e+02
1.966374e+02
1.966374e+02
1.966374e+02
1.966374e+02
1.966374e+02
2.082043e+02
1.966374e+02
1.966374e+02
2.082043e+02
2.313381e+02
2.313381e+02
2.429051e+02
2.660389e+02
2.544720e+02
2.776058e+02
3.007396e+02
3.123065e+02
3.238734e+02
3.470072e+02
3.585741e+02
3.701410e+02
3.701410e+02
3.817079e+02
3.817079e+02
4.048418e+02
3.932748e+02
3.817079e+02
3.701410e+02
3.817079e+02
3.817079e+02
3.701410e+02
3.817079e+02
3.817079e+02
3.701410e+02
3.585741e+02
3.817079e+02
3.701410e+02
3.817079e+02
3.932748e+02
3.701410e+02
4.048418e+02
3.932748e+02
3.932748e+02
4.164087e+02
4.048418e+02
4.048418e+02
3.932748e+02
4.164087e+02
4.164087e+02
4.048418e+02
4.279756e+02
4.164087e+02
4.048418e+02
4.048418e+02
4.048418e+02
4.279756e+02
4.164087e+02
4.395425e+02
4.395425e+02
4.279756e+02
4.395425e+02
4.279756e+02
4.279756e+02
4.626763e+02
4.511094e+02
4.511094e+02
4.511094e+02
4.511094e+02
4.742432e+02
4.742432e+02
4.858101e+02
4.858101e+02
5.089439e+02
5.089439e+02
5.089439e+02
5.320777e+02
5.320777e+02
5.320777e+02
5.436446e+02
5.205108e+02
5.436446e+02
5.320777e+02
5.320777e+02
5.436446e+02
5.205108e+02
5.320777e+02
5.205108e+02
5.205108e+02
5.320777e+02
5.320777e+02
5.205108e+02
5.205108e+02
5.205108e+02
5.089439e+02
5.089439e+02
5.205108e+02
5.205108e+02
5.205108e+02
5.205108e+02
5.205108e+02
5.320777e+02
5.205108e+02
5.089439e+02
5.089439e+02
5.089439e+02
5.089439e+02
4.973770e+02
4.973770e+02
4.858101e+02
5.089439e+02
4.973770e+02
4.858101e+02
4.858101e+02
4.973770e+02
4.742432e+02
4.973770e+02
4.973770e+02
5.089439e+02
5.089439e+02
4.858101e+02
5.089439e+02
5.089439e+02
5.089439e+02
5.205108e+02
5.205108e+02
4.973770e+02
4.973770e+02
4.973770e+02
4.973770e+02
4.973770e+02
4.858101e+02
4.858101e+02
4.626763e+02
4.511094e+02
4.511094e+02
4.511094e+02
4.395425e+02
4.279756e+02
4.279756e+02
4.164087e+02
4.279756e+02
4.164087e+02
4.048418e+02
4.164087e+02
4.164087e+02
4.164087e+02
3.932748e+02
4.048418e+02
4.164087e+02
4.048418e+02
3.932748e+02
4.164087e+02
4.164087e+02
4.048418e+02
3.817079e+02
3.932748e+02
4.048418e+02
3.701410e+02
3.470072e+02
3.470072e+02
3.354403e+02
3.123065e+02
3.007396e+02
3.123065e+02
3.007396e+02
2.891727e+02
2.660389e+02
2.544720e+02
2.544720e+02
2.313381e+02
2.313381e+02
2.313381e+02
2.429051e+02
2.197712e+02
1.850705e+02
1.966374e+02
1.966374e+02
1.850705e+02
1.619367e+02
1.619367e+02
1.619367e+02
1.503698e+02
1.503698e+02
1.619367e+02
1.503698e+02
1.503698e+02
1.388029e+02
1.503698e+02
1.388029e+02
1.272360e+02
1.156691e+02
1.272360e+02
1.388029e+02
1.156691e+02
8.096835e+01
1.041022e+02
1.156691e+02
9.253526e+01
8.096835e+01
6.940144e+01
8.096835e+01
8.096835e+01
6.940144e+01
4.626763e+01
5.783454e+01
5.783454e+01
3.470072e+01
3.470072e+01
3.470072e+01
1.156691e+01
0.000000e+00
0.000000e+00
-1.156691e+01
-2.313381e+01
-4.626763e+01
-5.783454e+01
-4.626763e+01
-4.626763e+01
-6.940144e+01
-1.156691e+02
-8.096835e+01
-4.626763e+01
-1.388029e+02
-1.272360e+02
-9.253526e+01
-1.388029e+02
-1.272360e+02
-1.388029e+02
-1.503698e+02
-1.388029e+02
-1.388029e+02
-1.503698e+02
-1.503698e+02
-1.503698e+02
-1.503698e+02
-1.619367e+02
-1.619367e+02
-1.503698e+02
-1.619367e+02
-1.735036e+02
-1.619367e+02
-1.503698e+02
-1.619367e+02
-1.966374e+02
-1.966374e+02
-1.619367e+02
-1.966374e+02
-2.313381e+02
-2.313381e+02
-2.313381e+02
-2.313381e+02
-2.544720e+02
-2.544720e+02
-2.660389e+02
-2.776058e+02
-3.007396e+02
-3.123065e+02
-3.123065e+02
-3.470072e+02
-3.701410e+02
-3.585741e+02
-3.817079e+02
-4.048418e+02
-4.048418e+02
-4.279756e+02
-4.048418e+02
-4.048418e+02
-4.511094e+02
-4.742432e+02
-4.395425e+02
-4.742432e+02
-5.089439e+02
-4.973770e+02
-4.858101e+02
-5.089439e+02
-5.320777e+02
-5.089439e+02
-5.089439e+02
-5.089439e+02
-5.320777e+02
-5.205108e+02
-5.089439e+02
-5.089439e+02
-5.205108e+02
-5.320777e+02
-5.089439e+02
-5.205108e+02
-5.436446e+02
-5.436446e+02
-5.436446e+02
-5.320777e+02
-5.552115e+02
-5.667785e+02
-5.783454e+02
-5.667785e+02
-6.014792e+02
-6.130461e+02
-6.361799e+02
-6.477468e+02
-6.477468e+02
-6.708806e+02
-6.824475e+02
-6.824475e+02
-7.171482e+02
-7.287152e+02
-7.287152e+02
-7.402821e+02
-7.518490e+02
-7.865497e+02
-7.981166e+02
-8.096835e+02
-8.443842e+02
-8.443842e+02
-8.675180e+02
-8.790850e+02
-8.906519e+02
-9.022188e+02
-9.253526e+02
-9.369195e+02
-9.484864e+02
-9.600533e+02
-9.831871e+02
-9.831871e+02
-9.947540e+02
-1.006321e+03
-1.006321e+03
-1.041022e+03
-1.041022e+03
-1.052589e+03
-1.052589e+03
-1.052589e+03
-1.052589e+03
-1.087289e+03
-1.087289e+03
-1.087289e+03
-1.098856e+03
-1.087289e+03
-1.121990e+03
-1.133557e+03
-1.133557e+03
-1.145124e+03
-1.145124e+03
-1.156691e+03
-1.179825e+03
-1.202958e+03
-1.214525e+03
-1.226092e+03
-1.237659e+03
-1.272360e+03
-1.295494e+03
-1.283927e+03
-1.318627e+03
-1.341761e+03
-1.341761e+03
-1.376462e+03
-1.388029e+03
-1.399596e+03
-1.422730e+03
-1.434296e+03
-1.445863e+03
-1.492131e+03
-1.492131e+03
-1.515265e+03
-1.538399e+03
-1.538399e+03
-1.561532e+03
-1.573099e+03
-1.607800e+03
-1.619367e+03
-1.619367e+03
-1.619367e+03
-1.677202e+03
-1.665635e+03
-1.677202e+03
-1.700335e+03
-1.700335e+03
-1.711902e+03
-1.723469e+03
-1.735036e+03
-1.758170e+03
-1.746603e+03
-1.758170e+03
-1.769737e+03
-1.792871e+03
-1.804438e+03
-1.804438e+03
-1.827571e+03
-1.827571e+03
-1.873839e+03
-1.885406e+03
-1.873839e+03
-1.920107e+03
-1.931674e+03
-1.931674e+03
-1.966374e+03
-1.966374e+03
-1.989508e+03
-1.989508e+03
-2.024209e+03
-2.012642e+03
-2.047343e+03
-2.047343e+03
-2.082043e+03
-2.035776e+03
-2.105177e+03
-2.058909e+03
-2.082043e+03
-2.105177e+03
-2.105177e+03
-2.082043e+03
-2.047343e+03
-2.116744e+03
-2.093610e+03
-2.082043e+03
-2.058909e+03
-2.058909e+03
-2.035776e+03
-2.082043e+03
-2.024209e+03
-2.058909e+03
-1.989508e+03
-2.047343e+03
-2.012642e+03
-2.058909e+03
-2.024209e+03
-2.047343e+03
-2.024209e+03
-2.070476e+03
-2.024209e+03
-2.093610e+03
-2.058909e+03
-2.070476e+03
-2.093610e+03
-2.093610e+03
-2.105177e+03
-2.093610e+03
-2.082043e+03
-2.151445e+03
-2.058909e+03
-2.139878e+03
-2.047343e+03
-2.116744e+03
-2.070476e+03
-2.082043e+03
-2.058909e+03
-2.082043e+03
-2.047343e+03
-2.093610e+03
-2.035776e+03
-2.047343e+03
-2.058909e+03
-2.024209e+03
-2.070476e+03
-1.989508e+03
-2.070476e+03
-2.012642e+03
-1.989508e+03
-2.082043e+03
-1.989508e+03
-2.024209e+03
-2.001075e+03
-2.001075e+03
-2.012642e+03
-1.977941e+03
-1.977941e+03
-1.943240e+03
-1.966374e+03
-1.954807e+03
-1.966374e+03
-1.873839e+03
-1.966374e+03
-1.850705e+03
-1.931674e+03
-1.816004e+03
-1.896973e+03
-1.827571e+03
-1.781304e+03
-1.850705e+03
-1.769737e+03
-1.804438e+03
-1.758170e+03
-1.723469e+03
-1.792871e+03
-1.677202e+03
-1.746603e+03
-1.688768e+03
-1.723469e+03
-1.700335e+03
-1.688768e+03
-1.607800e+03
-1.781304e+03
-1.549966e+03
-1.700335e+03
-1.573099e+03
-1.630934e+03
-1.561532e+03
-1.561532e+03
-1.549966e+03
-1.561532e+03
-1.468997e+03
-1.503698e+03
-1.457430e+03
-1.480564e+03
-1.422730e+03
-1.376462e+03
-1.411163e+03
-1.388029e+03
-1.307061e+03
-1.376462e+03
-1.214525e+03
-1.399596e+03
-1.121990e+03
-1.388029e+03
-1.075722e+03
-1.330194e+03
-1.075722e+03
-1.237659e+03
-1.052589e+03
-1.237659e+03
-9.947540e+02
-1.226092e+03
-9.947540e+02
-1.156691e+03
-9.831871e+02
-1.098856e+03
-9.716202e+02
-1.110423e+03
-9.022188e+02
-1.098856e+03
-8.675180e+02
-1.098856e+03
-8.096835e+02
-1.041022e+03
-8.212504e+02
-9.716202e+02
-8.096835e+02
-9.022188e+02
-8.443842e+02
-7.865497e+02
-8.443842e+02
-7.402821e+02
-8.212504e+02
-6.708806e+02
-7.981166e+02
-5.783454e+02
-8.096835e+02
-5.320777e+02
-7.287152e+02
-5.667785e+02
-6.246130e+02
-5.089439e+02
-6.361799e+02
-4.742432e+02
-5.436446e+02
-4.742432e+02
-5.436446e+02
-4.511094e+02
-4.973770e+02
-4.048418e+02
-4.973770e+02
-3.817079e+02
-4.395425e+02
-4.048418e+02
-4.164087e+02
-3.701410e+02
-3.932748e+02
-3.817079e+02
-3.701410e+02
-3.701410e+02
-2.891727e+02
-4.048418e+02
-2.429051e+02
-3.701410e+02
-2.429051e+02
-3.470072e+02
-2.429051e+02
-3.238734e+02
-1.503698e+02
-3.817079e+02
-1.156691e+02
-3.238734e+02
-1.272360e+02
-3.007396e+02
-1.041022e+02
-2.313381e+02
-1.272360e+02
-2.082043e+02
-6.940144e+01
-1.619367e+02
-1.156691e+02
-1.388029e+02
-6.940144e+01
-9.253526e+01
-4.626763e+01
-1.272360e+02
3.470072e+01
-1.272360e+02
5.783454e+01
-1.041022e+02
1.272360e+02
-1.272360e+02
1.388029e+02
-5.783454e+01
9.253526e+01
5.783454e+01
1.156691e+01
9.253526e+01
8.096835e+01
8.096835e+01
8.096835e+01
9.253526e+01
1.503698e+02
1.156691e+01
2.197712e+02
1.156691e+01
2.197712e+02
4.626763e+01
1.850705e+02
9.253526e+01
1.619367e+02
1.156691e+02
1.503698e+02
1.619367e+02
1.041022e+02
2.313381e+02
3.470072e+01
3.238734e+02
5.783454e+01
2.891727e+02
1.041022e+02
2.544720e+02
1.735036e+02
2.082043e+02
2.544720e+02
1.388029e+02
2.891727e+02
1.503698e+02
2.776058e+02
2.197712e+02
2.544720e+02
2.429051e+02
2.660389e+02
2.660389e+02
2.544720e+02
3.007396e+02
2.660389e+02
3.007396e+02
2.891727e+02
2.660389e+02
3.585741e+02
2.313381e+02
3.585741e+02
2.891727e+02
2.429051e+02
4.164087e+02
1.388029e+02
4.742432e+02
1.388029e+02
4.973770e+02
1.156691e+02
5.089439e+02
1.619367e+02
4.279756e+02
2.197712e+02
4.164087e+02
1.966374e+02
4.164087e+02
2.776058e+02
3.470072e+02
2.544720e+02
4.742432e+02
1.156691e+02
6.130461e+02
2.313381e+01
7.171482e+02
-8.096835e+01
8.443842e+02
-1.272360e+02
8.096835e+02
0.000000e+00
7.055813e+02
3.470072e+01
7.518490e+02
4.626763e+01
6.477468e+02
2.660389e+02
4.858101e+02
3.354403e+02
4.973770e+02
3.238734e+02
5.089439e+02
3.238734e+02
5.205108e+02
3.354403e+02
4.973770e+02
4.511094e+02
3.354403e+02
6.014792e+02
3.123065e+02
5.089439e+02
4.164087e+02
5.205108e+02
3.123065e+02
6.361799e+02
3.238734e+02
5.667785e+02
3.932748e+02
5.552115e+02
3.817079e+02
5.436446e+02
4.858101e+02
4.395425e+02
5.205108e+02
5.205108e+02
4.279756e+02
5.667785e+02
4.742432e+02
5.320777e+02
4.395425e+02
6.130461e+02
4.164087e+02
5.783454e+02
4.742432e+02
6.130461e+02
3.470072e+02
7.749828e+02
2.660389e+02
7.287152e+02
4.279756e+02
6.246130e+02
3.932748e+02
7.518490e+02
4.048418e+02
6.014792e+02
5.899123e+02
5.667785e+02
5.320777e+02
6.246130e+02
6.130461e+02
4.511094e+02
7.981166e+02
4.164087e+02
7.518490e+02
4.973770e+02
7.634159e+02
5.089439e+02
6.593137e+02
7.287152e+02
4.742432e+02
8.096835e+02
5.436446e+02
7.634159e+02
4.973770e+02
9.137857e+02
4.626763e+02
7.518490e+02
7.749828e+02
5.320777e+02
8.096835e+02
6.361799e+02
7.865497e+02
5.436446e+02
9.137857e+02
6.014792e+02
6.940144e+02
8.212504e+02
6.940144e+02
6.130461e+02
9.253526e+02
5.783454e+02
7.981166e+02
6.824475e+02
9.022188e+02
4.858101e+02
1.052589e+03
6.014792e+02
8.328173e+02
7.171482e+02
9.137857e+02
6.130461e+02
8.328173e+02
9.253526e+02
5.783454e+02
9.137857e+02
8.212504e+02
7.055813e+02
8.559511e+02
8.559511e+02
7.634159e+02
8.096835e+02
9.369195e+02
6.708806e+02
9.600533e+02
7.287152e+02
1.041022e+03
4.626763e+02
1.330194e+03
4.626763e+02
1.087289e+03
7.749828e+02
1.017888e+03
6.014792e+02
1.283927e+03
4.973770e+02
1.202958e+03
6.940144e+02
1.121990e+03
6.593137e+02
1.133557e+03
8.559511e+02
8.675180e+02
1.006321e+03
1.006321e+03
7.402821e+02
1.168258e+03
8.675180e+02
9.831871e+02
9.369195e+02
1.098856e+03
7.634159e+02
1.226092e+03
7.171482e+02
1.260793e+03
6.014792e+02
1.411163e+03
5.436446e+02
1.295494e+03
7.749828e+02
1.029455e+03
1.006321e+03
8.328173e+02
1.237659e+03
5.205108e+02
1.526832e+03
3.932748e+02
1.399596e+03
5.552115e+02
1.353328e+03
4.742432e+02
1.434296e+03
4.973770e+02
1.283927e+03
6.708806e+02
1.168258e+03
6.708806e+02
1.179825e+03
7.402821e+02
1.110423e+03
6.593137e+02
1.307061e+03
4.279756e+02
1.445863e+03
4.511094e+02
1.249226e+03
7.055813e+02
1.017888e+03
8.906519e+02
8.443842e+02
1.006321e+03
8.328173e+02
9.022188e+02
9.253526e+02
8.906519e+02
8.559511e+02
9.831871e+02
8.096835e+02
9.600533e+02
8.559511e+02
8.443842e+02
9.831871e+02
7.287152e+02
1.110423e+03
5.899123e+02
1.168258e+03
6.477468e+02
9.831871e+02
8.675180e+02
7.865497e+02
1.029455e+03
6.246130e+02
1.179825e+03
5.089439e+02
1.191391e+03
5.089439e+02
1.121990e+03
5.899123e+02
9.831871e+02
6.824475e+02
9.022188e+02
7.287152e+02
8.096835e+02
8.328173e+02
6.477468e+02
1.029455e+03
4.164087e+02
1.145124e+03
4.048418e+02
1.006321e+03
5.783454e+02
7.981166e+02
7.171482e+02
7.287152e+02
6.708806e+02
7.981166e+02
5.899123e+02
7.749828e+02
6.824475e+02
6.130461e+02
8.443842e+02
4.973770e+02
7.749828e+02
6.940144e+02
4.511094e+02
1.006321e+03
1.735036e+02
1.133557e+03
1.966374e+02
9.137857e+02
5.205108e+02
5.783454e+02
6.477468e+02
6.014792e+02
5.667785e+02
5.552115e+02
7.287152e+02
2.776058e+02
8.790850e+02
2.776058e+02
7.634159e+02
3.007396e+02
7.865497e+02
2.660389e+02
6.824475e+02
4.511094e+02
4.973770e+02
4.858101e+02
5.089439e+02
4.279756e+02
5.436446e+02
3.123065e+02
6.940144e+02
1.272360e+02
7.634159e+02
2.197712e+02
4.279756e+02
6.593137e+02
9.253526e+01
6.824475e+02
2.429051e+02
4.742432e+02
3.238734e+02
4.395425e+02
3.932748e+02
3.238734e+02
3.701410e+02
4.973770e+02
8.096835e+01
5.783454e+02
2.891727e+02
1.041022e+02
7.749828e+02
-1.503698e+02
7.055813e+02
1.156691e+01
5.783454e+02
4.626763e+01
4.395425e+02
3.585741e+02
6.940144e+01
5.089439e+02
1.966374e+02
1.503698e+02
3.585741e+02
3.354403e+02
6.940144e+01
4.858101e+02
8.096835e+01
3.354403e+02
6.940144e+01
4.858101e+02
-5.783454e+01
4.164087e+02
2.197712e+02
2.082043e+02
5.783454e+01
5.089439e+02
-1.966374e+02
4.511094e+02
2.082043e+02
5.783454e+01
3.817079e+02
-1.041022e+02
6.477468e+02
-6.477468e+02
1.214525e+03
-7.634159e+02
7.287152e+02
9.253526e+01
3.470072e+01
1.966374e+02
3.007396e+02
-1.503698e+02
4.858101e+02
-1.850705e+02
6.130461e+02
-3.932748e+02
4.858101e+02
1.735036e+02
-2.544720e+02
5.783454e+02
6.940144e+01
-2.660389e+02
8.443842e+02
-5.783454e+02
5.436446e+02
-1.156691e+02
3.238734e+02
-3.470072e+01
1.388029e+02
3.585741e+02
-3.007396e+02
2.082043e+02
4.858101e+02
-6.130461e+02
7.634159e+02
-1.156691e+02
-5.783454e+01
2.544720e+02
1.041022e+02
-1.503698e+02
2.776058e+02
1.156691e+02
1.503698e+02
-3.123065e+02
9.022188e+02
-8.906519e+02
6.940144e+02
-3.470072e+01
1.041022e+02
-2.429051e+02
8.559511e+02
-8.443842e+02
7.402821e+02
-2.891727e+02
4.279756e+02
-4.742432e+02
7.287152e+02
-3.238734e+02
-8.096835e+01
5.320777e+02
-2.429051e+02
-8.096835e+01
5.320777e+02
-2.544720e+02
-1.156691e+01
2.660389e+02
2.429051e+02
-6.246130e+02
8.328173e+02
-1.966374e+02
-3.470072e+02
7.055813e+02
-3.007396e+02
4.626763e+01
4.626763e+01
6.824475e+02
-1.214525e+03
1.411163e+03
-8.675180e+02
6.246130e+02
-6.014792e+02
1.249226e+03
-1.260793e+03
7.981166e+02
2.197712e+02
-6.361799e+02
4.973770e+02
3.817079e+02
-6.361799e+02
5.552115e+02
6.940144e+01
-8.096835e+01
-3.932748e+02
1.237659e+03
-1.075722e+03
4.395425e+02
5.899123e+02
-7.055813e+02
3.007396e+02
3.817079e+02
-1.735036e+02
-2.660389e+02
9.022188e+02
-5.552115e+02
6.940144e+01
3.817079e+02
1.156691e+02
-7.518490e+02
1.226092e+03
-5.552115e+02
-1.041022e+02
4.742432e+02
2.429051e+02
-9.137857e+02
1.283927e+03
-6.361799e+02
2.197712e+02
-9.253526e+01
9.253526e+02
-1.283927e+03
1.121990e+03
-8.096835e+01
-5.552115e+02
6.940144e+02
5.783454e+01
-3.123065e+02
2.197712e+02
4.973770e+02
-5.436446e+02
2.544720e+02
4.742432e+02
-4.395425e+02
2.776058e+02
1.850705e+02
3.470072e+02
-1.145124e+03
2.058909e+03
-1.873839e+03
1.330194e+03
-3.701410e+02
3.238734e+02
-4.164087e+02
6.593137e+02
-1.619367e+02
-2.313381e+02
6.130461e+02
-1.850705e+02
-5.783454e+01
2.891727e+02
2.891727e+02
-5.899123e+02
7.865497e+02
-2.082043e+02
3.470072e+01
1.041022e+02
4.279756e+02
-4.858101e+02
5.899123e+02
-5.783454e+01
6.940144e+01
-3.470072e+01
4.973770e+02
-3.354403e+02
2.660389e+02
2.197712e+02
-3.470072e+01
3.470072e+01
2.660389e+02
5.783454e+01
-1.503698e+02
3.701410e+02
2.660389e+02
-6.130461e+02
1.064155e+03
-7.171482e+02
4.742432e+02
2.313381e+01
1.503698e+02
1.272360e+02
-2.197712e+02
9.022188e+02
-1.052589e+03
1.260793e+03
-8.212504e+02
8.675180e+02
-6.477468e+02
1.064155e+03
-8.559511e+02
7.749828e+02
-9.253526e+01
2.313381e+01
3.585741e+02
-1.041022e+02
4.279756e+02
-3.238734e+02
6.477468e+02
-2.082043e+02
1.966374e+02
1.619367e+02
2.313381e+02
-2.082043e+02
5.783454e+02
-1.503698e+02
1.966374e+02
1.619367e+02
1.850705e+02
-1.156691e+01
2.313381e+02
2.082043e+02
-4.626763e+01
3.701410e+02
-2.313381e+01
3.932748e+02
-5.436446e+02
1.214525e+03
-9.253526e+02
9.253526e+02
-1.503698e+02
1.156691e+02
1.041022e+02
4.858101e+02
-4.511094e+02
8.906519e+02
-5.320777e+02
9.716202e+02
-7.402821e+02
9.484864e+02
-2.197712e+02
2.313381e+01
7.287152e+02
-5.783454e+01
-3.238734e+02
1.422730e+03
-1.283927e+03
1.434296e+03
-6.130461e+02
7.981166e+02
-2.429051e+02
4.626763e+02
4.048418e+02
-4.742432e+02
1.156691e+03
-4.858101e+02
5.783454e+02
2.313381e+01
7.981166e+02
-8.790850e+02
1.711902e+03
-1.064155e+03
1.260793e+03
-4.626763e+02
9.484864e+02
-2.660389e+02
4.742432e+02
7.171482e+02
-3.701410e+02
8.443842e+02
2.544720e+02
1.735036e+02
2.082043e+02
1.145124e+03
-8.790850e+02
1.480564e+03
-1.503698e+02
4.511094e+02
3.701410e+02
4.973770e+02
3.470072e+02
1.966374e+02
8.790850e+02
-1.156691e+01
3.007396e+02
1.029455e+03
-1.388029e+02
6.477468e+02
4.742432e+02
7.518490e+02
-5.205108e+02
1.954807e+03
-8.559511e+02
1.307061e+03
1.272360e+02
1.121990e+03
-6.014792e+02
1.943240e+03
-6.477468e+02
1.283927e+03
2.660389e+02
9.253526e+02
1.156691e+02
9.600533e+02
5.552115e+02
6.246130e+02
1.735036e+02
1.781304e+03
-6.477468e+02
1.376462e+03
9.022188e+02
-1.503698e+02
1.364895e+03
6.361799e+02
5.320777e+02
6.361799e+02
1.364895e+03
5.783454e+01
7.749828e+02
1.711902e+03
-3.354403e+02
1.121990e+03
1.688768e+03
-3.701410e+02
1.226092e+03
1.931674e+03
-8.096835e+02
2.209279e+03
4.395425e+02
1.191391e+03
3.007396e+02
2.035776e+03
4.164087e+02
5.320777e+02
2.209279e+03
4.858101e+02
-1.156691e+01
3.423805e+03
-1.168258e+03
2.243980e+03
1.064155e+03
1.295494e+03
-1.388029e+02
3.296569e+03
-7.171482e+02
2.163012e+03
8.328173e+02
2.093610e+03
-4.395425e+02
2.961128e+03
7.402821e+02
3.932748e+02
2.625688e+03
1.087289e+03
3.123065e+02
2.695089e+03
1.052589e+03
5.899123e+02
2.405917e+03
1.619367e+03
1.503698e+02
2.926428e+03
1.249226e+03
4.626763e+02
2.891727e+03
1.133557e+03
8.906519e+02
2.776058e+03
8.096835e+02
1.920107e+03
1.445863e+03
2.220846e+03
9.831871e+02
2.232413e+03
1.503698e+03
2.047343e+03
1.064155e+03
2.914861e+03
5.783454e+02
2.891727e+03
1.121990e+03
2.255547e+03
2.058909e+03
9.253526e+02
3.504773e+03
7.402821e+02
2.151445e+03
2.590987e+03
1.549966e+03
1.758170e+03
2.822325e+03
1.839138e+03
1.445863e+03
2.961128e+03
2.290248e+03
5.436446e+02
4.291323e+03
9.947540e+02
2.082043e+03
2.822325e+03
2.498452e+03
6.246130e+02
4.129386e+03
1.457430e+03
2.058909e+03
2.278681e+03
3.805512e+03
-9.253526e+01
3.527907e+03
3.747678e+03
-6.130461e+02
4.522661e+03
2.741357e+03
5.783454e+02
3.180899e+03
3.979016e+03
-1.850705e+02
3.689843e+03
3.828646e+03
4.626763e+01
3.423805e+03
4.094685e+03
-2.429051e+02
3.898048e+03
3.632009e+03
4.626763e+02
3.180899e+03
4.013717e+03
5.089439e+02
3.157766e+03
3.689843e+03
1.549966e+03
1.735036e+03
5.147274e+03
2.660389e+02
2.995829e+03
3.840213e+03
1.723469e+03
1.654068e+03
5.181974e+03
3.007396e+02
3.319702e+03
3.470072e+03
2.139878e+03
1.735036e+03
4.834967e+03
7.518490e+02
3.516340e+03
2.556287e+03
3.666710e+03
5.552115e+02
5.471147e+03
5.899123e+02
4.094685e+03
1.515265e+03
4.696164e+03
2.429051e+02
5.436446e+03
1.017888e+03
3.204033e+03
3.377537e+03
2.105177e+03
2.857026e+03
3.689843e+03
1.954807e+03
2.787625e+03
3.828646e+03
1.769737e+03
3.192466e+03
3.412238e+03
2.232413e+03
2.972695e+03
3.331269e+03
2.382783e+03
2.833892e+03
3.574174e+03
2.301815e+03
2.648822e+03
4.117819e+03
1.688768e+03
2.741357e+03
4.406992e+03
1.503698e+03
2.648822e+03
4.430125e+03
1.688768e+03
2.440617e+03
4.071551e+03
2.752924e+03
9.253526e+02
5.714052e+03
8.906519e+02
3.007396e+03
3.412238e+03
2.937994e+03
1.654068e+03
3.979016e+03
3.007396e+03
8.790850e+02
5.147274e+03
1.792871e+03
2.035776e+03
4.164087e+03
2.556287e+03
1.503698e+03
4.117819e+03
2.810758e+03
1.538399e+03
3.840213e+03
3.018963e+03
1.654068e+03
3.354403e+03
3.169333e+03
1.954807e+03
2.914861e+03
3.261868e+03
2.197712e+03
2.544720e+03
3.342836e+03
2.139878e+03
2.602554e+03
3.365970e+03
2.220846e+03
1.977941e+03
4.615196e+03
4.048418e+02
3.898048e+03
2.891727e+03
1.723469e+03
3.365970e+03
2.660389e+03
2.417484e+03
2.452184e+03
3.597308e+03
1.688768e+03
2.671956e+03
4.279756e+03
-1.619367e+02
5.089439e+03
2.058909e+03
1.341761e+03
4.603629e+03
1.561532e+03
2.533153e+03
2.833892e+03
3.204033e+03
1.341761e+03
3.435371e+03
2.787625e+03
1.804438e+03
2.729790e+03
3.597308e+03
6.361799e+02
4.187220e+03
1.966374e+03
2.220846e+03
2.706656e+03
2.810758e+03
2.174579e+03
2.082043e+03
3.446938e+03
2.255547e+03
1.191391e+03
4.453259e+03
1.688768e+03
1.006321e+03
5.077872e+03
7.865497e+02
2.267114e+03
3.470072e+03
2.163012e+03
1.445863e+03
3.874914e+03
1.862272e+03
1.630934e+03
3.655143e+03
2.070476e+03
9.947540e+02
4.638330e+03
8.675180e+02
2.648822e+03
2.452184e+03
3.180899e+03
5.205108e+02
4.083118e+03
1.677202e+03
1.954807e+03
3.076797e+03
1.549966e+03
3.504773e+03
5.205108e+02
4.372291e+03
8.443842e+02
3.180899e+03
1.711902e+03
3.111498e+03
1.341761e+03
2.833892e+03
2.799192e+03
7.287152e+02
4.441692e+03
8.443842e+02
2.510019e+03
2.845459e+03
2.163012e+03
1.341761e+03
3.828646e+03
1.307061e+03
2.290248e+03
2.614121e+03
2.602554e+03
1.098856e+03
3.620442e+03
1.515265e+03
2.255547e+03
2.579420e+03
2.093610e+03
1.966374e+03
2.880160e+03
1.549966e+03
2.648822e+03
2.128311e+03
2.093610e+03
2.278681e+03
2.186145e+03
2.070476e+03
2.544720e+03
1.434296e+03
2.972695e+03
1.769737e+03
1.862272e+03
2.729790e+03
1.688768e+03
2.232413e+03
1.920107e+03
2.891727e+03
5.320777e+02
4.013717e+03
6.130461e+02
2.822325e+03
1.931674e+03
2.047343e+03
1.816004e+03
2.833892e+03
8.906519e+02
3.296569e+03
1.202958e+03
2.382783e+03
2.093610e+03
1.804438e+03
2.197712e+03
2.186145e+03
1.503698e+03
2.787625e+03
1.295494e+03
2.498452e+03
1.596233e+03
2.579420e+03
1.272360e+03
2.394350e+03
2.440617e+03
7.749828e+02
2.995829e+03
1.873839e+03
1.260793e+03
2.729790e+03
1.792871e+03
1.515265e+03
2.417484e+03
1.954807e+03
1.468997e+03
2.278681e+03
2.105177e+03
1.538399e+03
1.908540e+03
2.590987e+03
8.790850e+02
2.683522e+03
1.677202e+03
1.723469e+03
2.093610e+03
1.549966e+03
2.799192e+03
1.735036e+02
3.574174e+03
1.179825e+03
1.029455e+03
3.215600e+03
1.029455e+03
1.364895e+03
2.880160e+03
1.006321e+03
1.839138e+03
1.966374e+03
1.654068e+03
1.781304e+03
9.947540e+02
3.435371e+03
-6.014792e+02
3.620442e+03
6.246130e+02
2.070476e+03
1.249226e+03
2.232413e+03
1.260793e+03
1.434296e+03
2.116744e+03
1.526832e+03
6.130461e+02
3.169333e+03
3.007396e+02
1.908540e+03
1.688768e+03
1.896973e+03
2.891727e+02
2.810758e+03
1.121990e+03
6.593137e+02
2.625688e+03
1.029455e+03
9.484864e+02
2.058909e+03
1.515265e+03
8.328173e+02
1.515265e+03
2.510019e+03
-3.470072e+02
2.486885e+03
1.746603e+03
-1.966374e+02
3.018963e+03
3.123065e+02
2.012642e+03
4.279756e+02
2.671956e+03
-9.253526e+01
2.290248e+03
8.212504e+02
1.526832e+03
9.947540e+02
1.619367e+03
1.075722e+03
9.253526e+02
2.024209e+03
2.891727e+02
2.012642e+03
4.279756e+02
2.232413e+03
-3.701410e+02
2.937994e+03
-4.511094e+02
2.267114e+03
3.007396e+02
1.966374e+03
-9.253526e+01
2.313381e+03
2.429051e+02
1.330194e+03
9.947540e+02
1.295494e+03
2.660389e+02
1.943240e+03
3.817079e+02
9.022188e+02
1.711902e+03
6.940144e+01
1.457430e+03
7.171482e+02
1.168258e+03
2.429051e+02
1.920107e+03
-1.156691e+02
1.376462e+03
8.790850e+02
6.014792e+02
7.055813e+02
1.457430e+03
1.735036e+02
7.171482e+02
1.468997e+03
-1.156691e+02
1.029455e+03
9.716202e+02
5.089439e+02
4.279756e+02
1.237659e+03
3.238734e+02
3.932748e+02
1.168258e+03
3.238734e+02
8.212504e+02
-3.470072e+01
1.908540e+03
-1.133557e+03
1.746603e+03
3.932748e+02
1.619367e+02
6.477468e+02
1.121990e+03
-2.660389e+02
2.776058e+02
2.186145e+03
-2.024209e+03
2.764491e+03
-8.790850e+02
1.064155e+03
-2.660389e+02
1.445863e+03
-4.511094e+02
4.048418e+02
1.376462e+03
-5.783454e+02
4.626763e+01
2.139878e+03
-2.232413e+03
2.764491e+03
-1.434296e+03
1.619367e+03
-7.287152e+02
6.130461e+02
9.600533e+02
-1.422730e+03
2.220846e+03
-1.087289e+03
6.477468e+02
3.007396e+02
1.156691e+01
1.850705e+02
2.429051e+02
5.552115e+02
-6.824475e+02
1.168258e+03
-9.947540e+02
1.260793e+03
-8.675180e+02
7.749828e+02
2.776058e+02
-7.402821e+02
9.484864e+02
-4.858101e+02
2.891727e+02
-5.783454e+01
1.735036e+02
2.776058e+02
-5.552115e+02
1.850705e+02
9.369195e+02
-1.977941e+03
2.220846e+03
-1.515265e+03
7.518490e+02
-9.369195e+02
1.307061e+03
-1.503698e+03
6.593137e+02
5.205108e+02
-1.503698e+03
1.330194e+03
-1.110423e+03
3.123065e+02
-1.156691e+02
-3.007396e+02
4.279756e+02
-8.096835e+02
-6.940144e+01
9.484864e+02
-2.371216e+03
2.209279e+03
-1.237659e+03
-3.701410e+02
3.585741e+02
-4.164087e+02
2.313381e+01
-1.538399e+03
2.845459e+03
-3.585741e+03
1.654068e+03
2.082043e+02
-2.058909e+03
1.249226e+03
-7.055813e+02
1.388029e+02
-1.364895e+03
1.295494e+03
-1.260793e+03
-5.320777e+02
6.708806e+02
-5.783454e+02
-9.484864e+02
6.014792e+02
-5.783454e+02
-7.055813e+02
-4.279756e+02
1.156691e+03
-2.417484e+03
1.237659e+03
-7.981166e+02
-5.783454e+02
-4.395425e+02
9.253526e+01
-1.272360e+02
-1.642501e+03
1.515265e+03
-1.735036e+03
-3.817079e+02
4.048418e+02
-1.121990e+03
3.123065e+02
-1.237659e+03
8.443842e+02
-1.723469e+03
1.503698e+02
8.096835e+01
-1.330194e+03
1.735036e+02
-2.197712e+02
-1.041022e+03
-2.776058e+02
-2.082043e+02
-2.082043e+02
-1.457430e+03
1.029455e+03
-1.330194e+03
-9.253526e+02
6.130461e+02
-8.559511e+02
-1.179825e+03
8.096835e+02
-1.145124e+03
-5.552115e+02
-8.212504e+02
1.075722e+03
-2.579420e+03
8.906519e+02
-3.470072e+01
-2.348082e+03
1.330194e+03
-1.457430e+03
-3.123065e+02
-5.552115e+02
0.000000e+00
-8.675180e+02
-8.443842e+02
2.544720e+02
-8.443842e+02
-1.064155e+03
5.783454e+02
-1.098856e+03
-9.716202e+02
5.436446e+02
-1.307061e+03
-5.667785e+02
2.776058e+02
-1.411163e+03
2.429051e+02
-1.434296e+03
6.940144e+02
-2.070476e+03
1.064155e+03
-1.839138e+03
5.552115e+02
-1.665635e+03
6.014792e+02
-1.388029e+03
-5.089439e+02
1.388029e+02
-1.075722e+03
-7.865497e+02
1.272360e+02
-9.369195e+02
-8.559511e+02
-3.123065e+02
5.436446e+02
-3.169333e+03
2.324948e+03
-2.047343e+03
-8.790850e+02
2.544720e+02
-7.171482e+02
-5.436446e+02
-1.769737e+03
2.139878e+03
-3.331269e+03
5.205108e+02
2.429051e+02
-1.619367e+03
-7.981166e+02
8.328173e+02
-1.908540e+03
-3.354403e+02
-1.850705e+02
-4.858101e+02
-1.272360e+03
-9.253526e+01
-8.096835e+01
-1.896973e+03
4.626763e+02
-2.891727e+02
-2.093610e+03
1.237659e+03
-1.804438e+03
2.313381e+01
-1.492131e+03
1.388029e+03
-3.076797e+03
1.191391e+03
-7.402821e+02
-1.711902e+03
5.552115e+02
-8.096835e+02
-9.831871e+02
-3.585741e+02
-2.544720e+02
-9.600533e+02
-1.121990e+03
1.121990e+03
-2.637255e+03
8.675180e+02
-1.110423e+03
-4.395425e+02
-1.388029e+03
1.133557e+03
-2.706656e+03
1.168258e+03
-1.758170e+03
3.470072e+02
-1.896973e+03
1.087289e+03
-2.209279e+03
3.817079e+02
-5.667785e+02
-1.561532e+03
5.667785e+02
-1.388029e+03
-4.164087e+02
-6.824475e+02
-1.966374e+02
-1.098856e+03
-9.137857e+02
9.022188e+02
-2.671956e+03
3.817079e+02
2.544720e+02
-2.336515e+03
-1.041022e+02
1.006321e+03
-3.308135e+03
8.096835e+02
2.544720e+02
-2.857026e+03
1.029455e+03
-9.600533e+02
-7.634159e+02
-1.457430e+03
9.484864e+02
-1.584666e+03
-1.503698e+03
1.307061e+03
-1.792871e+03
-1.723469e+03
1.816004e+03
-2.718223e+03
-2.313381e+02
-1.388029e+02
-4.858101e+02
-2.475318e+03
1.758170e+03
-2.151445e+03
-8.328173e+02
2.313381e+01
-3.470072e+02
-2.371216e+03
8.328173e+02
-4.626763e+02
-2.845459e+03
1.607800e+03
-1.411163e+03
-1.700335e+03
2.313381e+02
-6.361799e+02
-1.388029e+03
-1.283927e+03
1.376462e+03
-3.018963e+03
-4.626763e+02
1.006321e+03
-3.400671e+03
1.041022e+03
-1.977941e+03
1.966374e+02
-1.688768e+03
-1.468997e+03
1.503698e+03
-4.164087e+03
1.549966e+03
-2.267114e+03
-2.313381e+01
-2.324948e+03
5.320777e+02
-1.908540e+03
-1.295494e+03
-1.156691e+02
-1.642501e+03
-1.399596e+03
-4.164087e+02
-1.249226e+03
-1.885406e+03
-4.048418e+02
-1.052589e+03
-1.896973e+03
-1.226092e+03
4.742432e+02
-3.955882e+03
5.320777e+02
-1.214525e+03
-2.324948e+03
-1.295494e+03
2.082043e+02
-3.365970e+03
-6.593137e+02
-7.518490e+02
-2.475318e+03
-1.214525e+03
-1.226092e+03
-9.716202e+02
-3.979016e+03
1.977941e+03
-4.372291e+03
-1.041022e+03
-5.899123e+02
-2.475318e+03
-2.301815e+03
-3.932748e+02
-2.267114e+03
-2.741357e+03
-4.742432e+02
-2.001075e+03
-3.030530e+03
-6.014792e+02
-2.186145e+03
-2.498452e+03
-1.677202e+03
-1.376462e+03
-2.972695e+03
-1.977941e+03
-6.593137e+02
-4.464826e+03
-4.742432e+02
-2.255547e+03
-3.215600e+03
-1.735036e+03
-1.596233e+03
-3.481639e+03
-2.371216e+03
-6.824475e+02
-4.730865e+03
-1.341761e+03
-2.001075e+03
-3.308135e+03
-3.423805e+03
-6.940144e+01
-5.482714e+03
-1.307061e+03
-2.822325e+03
-2.590987e+03
-4.233488e+03
-8.096835e+02
-4.013717e+03
-3.782379e+03
-1.017888e+03
-4.406992e+03
-3.250301e+03
-2.163012e+03
-3.539474e+03
-3.898048e+03
-2.278681e+03
-3.389104e+03
-4.291323e+03
-2.151445e+03
-3.944315e+03
-3.759245e+03
-3.123065e+03
-3.365970e+03
-4.337590e+03
-2.833892e+03
-4.059984e+03
-3.874914e+03
-3.261868e+03
-4.487960e+03
-3.285002e+03
-4.453259e+03
-3.389104e+03
-4.939069e+03
-2.799192e+03
-5.355478e+03
-3.666710e+03
-3.666710e+03
-5.390179e+03
-3.724544e+03
-3.817079e+03
-5.795021e+03
-3.238734e+03
-5.181974e+03
-4.256622e+03
-5.482714e+03
-2.949561e+03
-6.940144e+03
-3.400671e+03
-4.661464e+03
-6.338665e+03
-3.724544e+03
-5.216675e+03
-5.343911e+03
-5.818154e+03
-3.134632e+03
-7.576324e+03
-4.603629e+03
-4.233488e+03
-7.055813e+03
-5.216675e+03
-4.302889e+03
-7.090514e+03
-5.378612e+03
-4.881235e+03
-6.558436e+03
-6.384933e+03
-4.059984e+03
-7.888631e+03
-5.286077e+03
-5.390179e+03
-7.183049e+03
-5.829721e+03
-5.818154e+03
-6.165162e+03
-7.865497e+03
-3.955882e+03
-7.842363e+03
-7.379687e+03
-3.689843e+03
-9.126290e+03
-5.864422e+03
-5.517415e+03
-7.934898e+03
-6.616271e+03
-5.771887e+03
-7.402821e+03
-7.576324e+03
-5.020038e+03
-8.281906e+03
-6.812908e+03
-6.396500e+03
-6.616271e+03
-8.709881e+03
-5.286077e+03
-7.021113e+03
-9.126290e+03
-4.661464e+03
-8.212504e+03
-7.749828e+03
-6.199862e+03
-7.391254e+03
-7.888631e+03
-6.650972e+03
-7.379687e+03
-7.344986e+03
-7.992733e+03
-5.922257e+03
-8.802416e+03
-6.997979e+03
-6.639405e+03
-8.813983e+03
-6.489035e+03
-7.796095e+03
-7.576324e+03
-7.553190e+03
-7.530057e+03
-7.310285e+03
-8.293472e+03
-6.824475e+03
-8.397575e+03
-6.893877e+03
-8.594212e+03
-6.905444e+03
-7.865497e+03
-8.281906e+03
-6.870743e+03
-8.224071e+03
-7.784529e+03
-7.587891e+03
-7.645726e+03
-8.027434e+03
-7.946465e+03
-6.836042e+03
-8.964353e+03
-7.044247e+03
-7.402821e+03
-8.802416e+03
-6.639405e+03
-8.316606e+03
-7.425954e+03
-8.270339e+03
-6.408067e+03
-9.334494e+03
-6.142028e+03
-8.397575e+03
-7.264018e+03
-7.877064e+03
-6.743507e+03
-8.443842e+03
-6.847609e+03
-7.125215e+03
-8.096835e+03
-6.801341e+03
-7.021113e+03
-7.888631e+03
-6.789775e+03
-6.558436e+03
-8.235638e+03
-5.875989e+03
-7.368120e+03
-6.859176e+03
-7.136782e+03
-5.586816e+03
-8.108402e+03
-5.945390e+03
-5.852855e+03
-7.934898e+03
-5.193541e+03
-6.662539e+03
-6.199862e+03
-6.570003e+03
-5.239809e+03
-6.477468e+03
-6.731940e+03
-3.828646e+03
-8.085268e+03
-4.291323e+03
-5.609950e+03
-6.315531e+03
-5.008471e+03
-4.869668e+03
-6.095760e+03
-5.077872e+03
-4.175654e+03
-6.153595e+03
-4.800267e+03
-3.793946e+03
-6.107327e+03
-4.152520e+03
-4.094685e+03
-5.066305e+03
-4.487960e+03
-3.747678e+03
-4.187220e+03
-5.448013e+03
-1.816004e+03
-5.598383e+03
-3.608875e+03
-2.660389e+03
-4.742432e+03
-3.261868e+03
-2.752924e+03
-3.736111e+03
-3.666710e+03
-2.047343e+03
-3.146199e+03
-4.152520e+03
-6.246130e+02
-3.805512e+03
-2.984262e+03
-9.369195e+02
-3.018963e+03
-2.452184e+03
-1.445863e+03
-1.214525e+03
-3.701410e+03
5.205108e+02
-2.301815e+03
-1.885406e+03
-3.354403e+02
-1.249226e+03
-1.364895e+03
-8.212504e+02
6.593137e+02
-2.880160e+03
1.758170e+03
-1.041022e+03
-7.634159e+02
1.353328e+03
-1.041022e+03
1.364895e+03
