-8.559511e+02
-1.156691e+03
-2.891727e+02
1.422730e+03
8.328173e+02
2.058909e+03
2.729790e+03
4.233488e+03
3.296569e+03
4.673031e+03
4.892802e+03
5.274510e+03
3.840213e+03
4.823400e+03
4.187220e+03
2.822325e+03
2.197712e+03
1.503698e+03
1.191391e+03
-1.492131e+03
-8.096835e+02
-1.885406e+03
-2.417484e+03
-3.759245e+03
-2.718223e+03
-3.053664e+03
-3.493206e+03
-3.227167e+03
-1.908540e+03
-2.267114e+03
-2.116744e+03
-1.179825e+03
-4.511094e+02
-7.402821e+02
-6.940144e+02
5.783454e+02
2.776058e+02
-8.096835e+01
5.089439e+02
9.831871e+02
7.981166e+02
3.007396e+02
1.526832e+03
1.642501e+03
1.121990e+03
1.723469e+03
2.417484e+03
2.429051e+03
1.804438e+03
2.741357e+03
2.880160e+03
2.001075e+03
1.827571e+03
2.232413e+03
1.295494e+03
5.667785e+02
-5.783454e+01
3.238734e+02
-1.503698e+03
-1.792871e+03
-1.966374e+03
-2.510019e+03
-3.516340e+03
-3.608875e+03
-3.365970e+03
-4.152520e+03
-4.615196e+03
-3.840213e+03
-4.268189e+03
-4.534228e+03
-4.441692e+03
-3.770812e+03
-4.083118e+03
-4.499527e+03
-3.134632e+03
-3.285002e+03
-3.238734e+03
-2.475318e+03
-1.179825e+03
-7.634159e+02
-1.388029e+02
1.630934e+03
3.620442e+03
3.192466e+03
5.887556e+03
6.940144e+03
8.200937e+03
8.247205e+03
9.450163e+03
1.037552e+04
8.952786e+03
8.652047e+03
8.466976e+03
6.847609e+03
4.592062e+03
3.157766e+03
1.816004e+03
-6.014792e+02
-3.273435e+03
-3.585741e+03
-5.401746e+03
-6.708806e+03
-7.460655e+03
-7.044247e+03
-6.836042e+03
-7.437521e+03
-5.714052e+03
-4.696164e+03
-4.002150e+03
-2.995829e+03
-1.711902e+03
-1.735036e+02
-2.776058e+02
7.865497e+02
1.549966e+03
1.873839e+03
1.619367e+03
2.128311e+03
2.139878e+03
2.348082e+03
1.723469e+03
2.405917e+03
2.324948e+03
2.533153e+03
2.417484e+03
2.845459e+03
3.308135e+03
2.787625e+03
3.296569e+03
2.995829e+03
2.984262e+03
2.544720e+03
1.630934e+03
1.792871e+03
3.238734e+02
-2.544720e+02
-1.214525e+03
-2.197712e+03
-2.845459e+03
-4.349157e+03
-4.511094e+03
-5.783454e+03
-6.107327e+03
-6.859176e+03
-7.183049e+03
-7.576324e+03
-7.553190e+03
-7.726694e+03
-7.564757e+03
-7.425954e+03
-6.442767e+03
-6.061059e+03
-5.806587e+03
-3.342836e+03
-3.088364e+03
-8.675180e+02
-1.156691e+02
3.007396e+03
5.124140e+03
4.800267e+03
9.588966e+03
