-8.559511e+02
-1.156691e+03
-2.891727e+02
1.422730e+03
8.328173e+02
2.058909e+03
2.729790e+03
4.233488e+03
3.296569e+03
4.673031e+03
4.892802e+03
5.274510e+03
3.840213e+03
4.823400e+03
4.187220e+03
2.822325e+03
2.197712e+03
1.503698e+03
1.191391e+03
-1.492131e+03
-8.096835e+02
-1.885406e+03
-2.417484e+03
-3.759245e+03
-2.718223e+03
-3.053664e+03
-3.493206e+03
-3.227167e+03
-1.908540e+03
-2.267114e+03
-2.116744e+03
-1.179825e+03
-4.511094e+02
-7.402821e+02
-6.940144e+02
5.783454e+02
2.776058e+02
-8.096835e+01
5.089439e+02
9.831871e+02
7.981166e+02
3.007396e+02
1.526832e+03
1.642501e+03
1.121990e+03
1.723469e+03
2.417484e+03
2.429051e+03
1.804438e+03
2.741357e+03
2.880160e+03
2.001075e+03
1.827571e+03
2.232413e+03
1.295494e+03
5.667785e+02
-5.783454e+01
3.238734e+02
-1.503698e+03
-1.792871e+03
-1.966374e+03
-2.510019e+03
-3.516340e+03
-3.608875e+03
-3.365970e+03
-4.152520e+03
-4.615196e+03
-3.840213e+03
-4.268189e+03
-4.534228e+03
-4.441692e+03
-3.770812e+03
-4.083118e+03
-4.499527e+03
-3.134632e+03
-3.285002e+03
-3.238734e+03
-2.475318e+03
-1.179825e+03
-7.634159e+02
-1.388029e+02
1.630934e+03
3.620442e+03
3.192466e+03
5.887556e+03
6.940144e+03
8.200937e+03
8.247205e+03
9.450163e+03
1.037552e+04
8.952786e+03
8.652047e+03
8.466976e+03
6.847609e+03
4.592062e+03
3.157766e+03
1.816004e+03
-6.014792e+02
-3.273435e+03
-3.585741e+03
-5.401746e+03
-6.708806e+03
-7.460655e+03
-7.044247e+03
-6.836042e+03
-7.437521e+03
-5.714052e+03
-4.696164e+03
-4.002150e+03
-2.995829e+03
-1.711902e+03
-1.735036e+02
-2.776058e+02
7.865497e+02
1.549966e+03
1.873839e+03
1.619367e+03
2.128311e+03
2.139878e+03
2.348082e+03
1.723469e+03
2.405917e+03
2.324948e+03
2.533153e+03
2.417484e+03
2.845459e+03
3.308135e+03
2.787625e+03
3.296569e+03
2.995829e+03
2.984262e+03
2.544720e+03
1.630934e+03
1.792871e+03
3.238734e+02
-2.544720e+02
-1.214525e+03
-2.197712e+03
-2.845459e+03
-4.349157e+03
-4.511094e+03
-5.783454e+03
-6.107327e+03
-6.859176e+03
-7.183049e+03
-7.576324e+03
-7.553190e+03
-7.726694e+03
-7.564757e+03
-7.425954e+03
-6.442767e+03
-6.061059e+03
-5.806587e+03
-3.342836e+03
-3.088364e+03
-8.675180e+02
-1.156691e+02
3.007396e+03
5.124140e+03
4.800267e+03
9.588966e+03
9.693068e+03
1.198332e+04
1.139340e+04
1.416946e+04
1.353328e+04
1.255009e+04
1.133557e+04
1.199488e+04
8.305039e+03
5.933823e+03
4.592062e+03
1.827571e+03
-5.899123e+02
-4.753999e+03
-3.782379e+03
-7.379687e+03
-8.432275e+03
-9.299793e+03
-8.582645e+03
-8.825550e+03
-9.195691e+03
-6.997979e+03
-5.841288e+03
-5.101006e+03
-3.874914e+03
-1.885406e+03
-7.171482e+02
-3.470072e+02
7.865497e+02
1.735036e+03
2.139878e+03
1.781304e+03
2.718223e+03
2.475318e+03
2.776058e+03
2.440617e+03
2.891727e+03
2.891727e+03
2.949561e+03
3.180899e+03
2.833892e+03
3.562607e+03
2.729790e+03
3.377537e+03
2.197712e+03
2.440617e+03
2.174579e+03
7.171482e+02
6.824475e+02
-3.123065e+02
-5.552115e+02
-2.139878e+03
-2.590987e+03
-2.625688e+03
-4.048418e+03
-4.545795e+03
-4.904369e+03
-5.112573e+03
-5.910690e+03
-6.546870e+03
-6.257697e+03
-6.789775e+03
-7.287152e+03
-6.997979e+03
-7.564757e+03
-6.500602e+03
-6.766641e+03
-6.315531e+03
-4.592062e+03
-4.002150e+03
-1.954807e+03
-9.137857e+02
9.831871e+02
5.343911e+03
3.516340e+03
8.605779e+03
9.392329e+03
1.111580e+04
1.183295e+04
1.214525e+04
1.434296e+04
1.194862e+04
1.110423e+04
1.109266e+04
9.080022e+03
5.563682e+03
4.904369e+03
1.411163e+03
8.790850e+02
-4.256622e+03
-3.504773e+03
-5.875989e+03
-7.217750e+03
-7.611025e+03
-7.992733e+03
-6.720373e+03
-7.356553e+03
-5.887556e+03
-4.592062e+03
-3.308135e+03
-2.359649e+03
-1.133557e+03
3.701410e+02
1.376462e+03
1.619367e+03
2.614121e+03
3.273435e+03
3.273435e+03
3.308135e+03
3.296569e+03
3.516340e+03
2.845459e+03
2.764491e+03
2.197712e+03
2.128311e+03
1.758170e+03
6.940144e+02
1.226092e+03
6.940144e+01
2.660389e+02
-4.973770e+02
-1.318627e+03
-3.585741e+02
-2.290248e+03
-1.896973e+03
-2.371216e+03
-2.706656e+03
-3.030530e+03
-4.036851e+03
-3.053664e+03
-4.418559e+03
-4.684597e+03
-4.557361e+03
-5.239809e+03
-5.482714e+03
-6.627838e+03
-5.482714e+03
-7.113648e+03
-7.113648e+03
-6.222996e+03
-6.581570e+03
-6.500602e+03
-4.603629e+03
-4.383858e+03
-1.781304e+03
-1.908540e+03
1.630934e+03
4.881235e+03
2.359649e+03
1.039865e+04
7.738261e+03
1.216839e+04
1.119677e+04
1.315157e+04
1.443550e+04
1.141654e+04
1.226092e+04
1.143967e+04
8.536378e+03
6.303964e+03
