-6.08161211e+00
-8.22756290e+00
-2.06376410e+00
1.02100725e+01
6.02278757e+00
1.50363178e+01
2.01732903e+01
3.17206402e+01
2.50909405e+01
3.61941147e+01
3.86287193e+01
4.25138321e+01
3.16470222e+01
4.06953888e+01
3.62132912e+01
2.50487843e+01
2.00367489e+01
1.40957088e+01
1.14920759e+01
-1.48208847e+01
-8.28647423e+00
-1.98917255e+01
-2.63047218e+01
-4.22015953e+01
-3.14916496e+01
-3.65181351e+01
-4.31277122e+01
-4.11378632e+01
-2.51206131e+01
-3.08113632e+01
-2.97026806e+01
-1.70922394e+01
-6.74630928e+00
-1.14266720e+01
-1.10548286e+01
9.50481510e+00
4.70608568e+00
-1.41551638e+00
9.17325687e+00
1.82651348e+01
1.52777452e+01
5.93004322e+00
3.10024872e+01
3.43327751e+01
2.41349850e+01
3.81391029e+01
5.50163193e+01
5.68297577e+01
4.33851624e+01
6.77131119e+01
7.30598679e+01
5.21107674e+01
4.88412399e+01
6.12042809e+01
3.64237099e+01
1.63361912e+01
-1.70828784e+00
9.80017090e+00
-4.65964317e+01
-5.68754387e+01
-6.38375816e+01
-8.33631058e+01
-1.19433846e+02
-1.25314789e+02
-1.19451096e+02
-1.50555893e+02
-1.70899307e+02
-1.45187408e+02
-1.64702957e+02
-1.78528366e+02
-1.78386414e+02
-1.54426712e+02
-1.70458923e+02
-1.91426651e+02
-1.35862198e+02
-1.45008820e+02
-1.45563416e+02
-1.13239792e+02
-5.49225655e+01
-3.61522331e+01
-6.68482351e+00
7.98588943e+01
1.80186966e+02
1.61452011e+02
3.02474976e+02
3.62112122e+02
4.34452606e+02
4.43481476e+02
5.15684631e+02
5.74405518e+02
5.02712341e+02
4.92631989e+02
4.88725861e+02
4.00590973e+02
2.72199982e+02
1.89614853e+02
1.10437401e+02
-3.70358963e+01
-2.04035446e+02
-2.26192505e+02
-3.44769989e+02
-4.33147736e+02
-4.87151031e+02
-4.65069977e+02
-4.56233826e+02
-5.01663818e+02
-3.89434265e+02
-3.23327759e+02
-2.78296570e+02
-2.10354645e+02
-1.21350349e+02
-1.24138031e+01
-2.00431957e+01
5.72947845e+01
1.13886101e+02
1.38851379e+02
1.20988152e+02
1.60296204e+02
1.62434830e+02
1.79604584e+02
1.32811035e+02
1.86745834e+02
1.81734192e+02
1.99366425e+02
1.91529556e+02
2.26893021e+02
2.65438568e+02
2.25031296e+02
2.67679260e+02
2.44641541e+02
2.45034760e+02
2.10051468e+02
1.35311508e+02
1.49478287e+02
2.71302299e+01
-2.14134159e+01
-1.02645332e+02
-1.86513184e+02
-2.42446930e+02
-3.71975952e+02
-3.87219391e+02
-4.98136353e+02
-5.27738037e+02
-5.94519531e+02
-6.24382751e+02
-6.60343140e+02
-6.59981567e+02
-6.76716675e+02
-6.63959351e+02
-6.53061157e+02
-5.67611206e+02
-5.34842590e+02
-5.13120544e+02
-2.95771759e+02
-2.73549286e+02
-7.69083252e+01
-1.02617712e+01
2.66948914e+02
4.55002289e+02
4.26319763e+02
8.51612122e+02
8.60704041e+02
1.06368909e+03
1.01078400e+03
1.25616919e+03
1.19869910e+03
1.11042310e+03
1.00170966e+03
1.05845740e+03
7.31678406e+02
5.21838623e+02
4.03045654e+02
1.60061707e+02
-5.15452766e+01
-4.14352722e+02
-3.28781311e+02
-6.39634888e+02
-7.28638306e+02
-8.01003174e+02
-7.36709595e+02
-7.54834106e+02
-7.83517578e+02
-5.93897400e+02
-4.93675262e+02
-4.29241577e+02
-3.24593842e+02
-1.57193283e+02
-5.94986763e+01
-2.86433754e+01
6.45828094e+01
1.41684280e+02
1.73756699e+02
1.43795929e+02
2.18105118e+02
1.97378494e+02
2.19938248e+02
1.92083557e+02
2.26037613e+02
2.24454117e+02
2.27294067e+02
2.43306686e+02
2.15116364e+02
2.68321869e+02
2.03951462e+02
2.50275330e+02
1.61480225e+02
1.77782318e+02
1.57005051e+02
5.13103828e+01
4.83761597e+01
-2.19288616e+01
-3.86076126e+01
-1.47329163e+02
-1.76585571e+02
-1.77103729e+02
-2.70189270e+02
-3.00119049e+02
-3.20235748e+02
-3.30088470e+02
-3.77253693e+02
-4.12983795e+02
-3.90046539e+02
-4.18078278e+02
-4.43156586e+02
-4.20208679e+02
-4.48410004e+02
-3.80290771e+02
-3.90580139e+02
-3.59594971e+02
-2.57851166e+02
-2.21565491e+02
-1.06671600e+02
-4.91374969e+01
5.20852928e+01
2.78826355e+02
1.80653030e+02
4.35218536e+02
4.67449921e+02
5.44286621e+02
5.69881348e+02
5.75149048e+02
6.67685608e+02
5.46620361e+02
4.99074585e+02
4.89659851e+02
3.93549164e+02
2.36699783e+02
2.04743896e+02
5.77915993e+01
3.53056526e+01
-1.67598053e+02
-1.35243881e+02
-2.22154236e+02
-2.67271088e+02
-2.75949219e+02
-2.83645050e+02
-2.33358627e+02
-2.49868164e+02
-1.95538345e+02
-1.49079544e+02
-1.04944321e+02
-7.31205521e+01
-3.43006020e+01
1.09330397e+01
3.96736069e+01
4.55296211e+01
7.16692657e+01
8.74814835e+01
8.52447891e+01
8.39161453e+01
8.14271774e+01
8.45454254e+01
6.65719833e+01
6.29133949e+01
4.86337509e+01
4.57818298e+01
3.67505760e+01
1.40920362e+01
2.41763268e+01
1.32849967e+00
4.94233131e+00
-8.96477413e+00
-2.30526867e+01
-6.07869291e+00
-3.76390724e+01
-3.02165356e+01
-3.66010590e+01
-4.04778481e+01
-4.39035835e+01
-5.66461067e+01
-4.15010223e+01
-5.81580200e+01
-5.97162552e+01
-5.62659492e+01
-6.26617889e+01
-6.35193329e+01
-7.44046555e+01
-5.96575890e+01
-7.50515976e+01
-7.28025970e+01
-6.18111343e+01
-6.34853706e+01
-6.09368324e+01
-4.19717255e+01
-3.89077492e+01
-1.54056568e+01
-1.61024952e+01
1.34404535e+01
3.93439407e+01
1.86294518e+01
8.05408630e+01
5.88976746e+01
9.11752014e+01
8.27447128e+01
9.60466003e+01
1.04394981e+02
8.19295959e+01
8.75035858e+01
8.13705673e+01
6.06517563e+01
