4.2334880e+03 2.7297900e+03 2.0589090e+03 8.3281730e+02 1.4227300e+03 -2.8917270e+02 -1.1566910e+03 -8.5595110e+02 3.2965690e+03
3.2965690e+03 4.2334880e+03 2.7297900e+03 2.0589090e+03 8.3281730e+02 1.4227300e+03 -2.8917270e+02 -1.1566910e+03 4.6730310e+03
4.6730310e+03 3.2965690e+03 4.2334880e+03 2.7297900e+03 2.0589090e+03 8.3281730e+02 1.4227300e+03 -2.8917270e+02 4.8928020e+03
4.8928020e+03 4.6730310e+03 3.2965690e+03 4.2334880e+03 2.7297900e+03 2.0589090e+03 8.3281730e+02 1.4227300e+03 5.2745100e+03
5.2745100e+03 4.8928020e+03 4.6730310e+03 3.2965690e+03 4.2334880e+03 2.7297900e+03 2.0589090e+03 8.3281730e+02 3.8402130e+03
3.8402130e+03 5.2745100e+03 4.8928020e+03 4.6730310e+03 3.2965690e+03 4.2334880e+03 2.7297900e+03 2.0589090e+03 4.8234000e+03
4.8234000e+03 3.8402130e+03 5.2745100e+03 4.8928020e+03 4.6730310e+03 3.2965690e+03 4.2334880e+03 2.7297900e+03 4.1872200e+03
4.1872200e+03 4.8234000e+03 3.8402130e+03 5.2745100e+03 4.8928020e+03 4.6730310e+03 3.2965690e+03 4.2334880e+03 2.8223250e+03
2.8223250e+03 4.1872200e+03 4.8234000e+03 3.8402130e+03 5.2745100e+03 4.8928020e+03 4.6730310e+03 3.2965690e+03 2.1977120e+03
2.1977120e+03 2.8223250e+03 4.1872200e+03 4.8234000e+03 3.8402130e+03 5.2745100e+03 4.8928020e+03 4.6730310e+03 1.5036980e+03
1.5036980e+03 2.1977120e+03 2.8223250e+03 4.1872200e+03 4.8234000e+03 3.8402130e+03 5.2745100e+03 4.8928020e+03 1.1913910e+03
1.1913910e+03 1.5036980e+03 2.1977120e+03 2.8223250e+03 4.1872200e+03 4.8234000e+03 3.8402130e+03 5.2745100e+03 -1.4921310e+03
-1.4921310e+03 1.1913910e+03 1.5036980e+03 2.1977120e+03 2.8223250e+03 4.1872200e+03 4.8234000e+03 3.8402130e+03 -8.0968350e+02
-8.0968350e+02 -1.4921310e+03 1.1913910e+03 1.5036980e+03 2.1977120e+03 2.8223250e+03 4.1872200e+03 4.8234000e+03 -1.8854060e+03
-1.8854060e+03 -8.0968350e+02 -1.4921310e+03 1.1913910e+03 1.5036980e+03 2.1977120e+03 2.8223250e+03 4.1872200e+03 -2.4174840e+03
-2.4174840e+03 -1.8854060e+03 -8.0968350e+02 -1.4921310e+03 1.1913910e+03 1.5036980e+03 2.1977120e+03 2.8223250e+03 -3.7592450e+03
-3.7592450e+03 -2.4174840e+03 -1.8854060e+03 -8.0968350e+02 -1.4921310e+03 1.1913910e+03 1.5036980e+03 2.1977120e+03 -2.7182230e+03
-2.7182230e+03 -3.7592450e+03 -2.4174840e+03 -1.8854060e+03 -8.0968350e+02 -1.4921310e+03 1.1913910e+03 1.5036980e+03 -3.0536640e+03
-3.0536640e+03 -2.7182230e+03 -3.7592450e+03 -2.4174840e+03 -1.8854060e+03 -8.0968350e+02 -1.4921310e+03 1.1913910e+03 -3.4932060e+03
-3.4932060e+03 -3.0536640e+03 -2.7182230e+03 -3.7592450e+03 -2.4174840e+03 -1.8854060e+03 -8.0968350e+02 -1.4921310e+03 -3.2271670e+03
-3.2271670e+03 -3.4932060e+03 -3.0536640e+03 -2.7182230e+03 -3.7592450e+03 -2.4174840e+03 -1.8854060e+03 -8.0968350e+02 -1.9085400e+03
-1.9085400e+03 -3.2271670e+03 -3.4932060e+03 -3.0536640e+03 -2.7182230e+03 -3.7592450e+03 -2.4174840e+03 -1.8854060e+03 -2.2671140e+03
-2.2671140e+03 -1.9085400e+03 -3.2271670e+03 -3.4932060e+03 -3.0536640e+03 -2.7182230e+03 -3.7592450e+03 -2.4174840e+03 -2.1167440e+03
-2.1167440e+03 -2.2671140e+03 -1.9085400e+03 -3.2271670e+03 -3.4932060e+03 -3.0536640e+03 -2.7182230e+03 -3.7592450e+03 -1.1798250e+03
-1.1798250e+03 -2.1167440e+03 -2.2671140e+03 -1.9085400e+03 -3.2271670e+03 -3.4932060e+03 -3.0536640e+03 -2.7182230e+03 -4.5110940e+02
-4.5110940e+02 -1.1798250e+03 -2.1167440e+03 -2.2671140e+03 -1.9085400e+03 -3.2271670e+03 -3.4932060e+03 -3.0536640e+03 -7.4028210e+02
-7.4028210e+02 -4.5110940e+02 -1.1798250e+03 -2.1167440e+03 -2.2671140e+03 -1.9085400e+03 -3.2271670e+03 -3.4932060e+03 -6.9401440e+02
-6.9401440e+02 -7.4028210e+02 -4.5110940e+02 -1.1798250e+03 -2.1167440e+03 -2.2671140e+03 -1.9085400e+03 -3.2271670e+03 5.7834540e+02
5.7834540e+02 -6.9401440e+02 -7.4028210e+02 -4.5110940e+02 -1.1798250e+03 -2.1167440e+03 -2.2671140e+03 -1.9085400e+03 2.7760580e+02
2.7760580e+02 5.7834540e+02 -6.9401440e+02 -7.4028210e+02 -4.5110940e+02 -1.1798250e+03 -2.1167440e+03 -2.2671140e+03 -8.0968350e+01
-8.0968350e+01 2.7760580e+02 5.7834540e+02 -6.9401440e+02 -7.4028210e+02 -4.5110940e+02 -1.1798250e+03 -2.1167440e+03 5.0894390e+02
5.0894390e+02 -8.0968350e+01 2.7760580e+02 5.7834540e+02 -6.9401440e+02 -7.4028210e+02 -4.5110940e+02 -1.1798250e+03 9.8318710e+02
9.8318710e+02 5.0894390e+02 -8.0968350e+01 2.7760580e+02 5.7834540e+02 -6.9401440e+02 -7.4028210e+02 -4.5110940e+02 7.9811660e+02
7.9811660e+02 9.8318710e+02 5.0894390e+02 -8.0968350e+01 2.7760580e+02 5.7834540e+02 -6.9401440e+02 -7.4028210e+02 3.0073960e+02
3.0073960e+02 7.9811660e+02 9.8318710e+02 5.0894390e+02 -8.0968350e+01 2.7760580e+02 5.7834540e+02 -6.9401440e+02 1.5268320e+03
1.5268320e+03 3.0073960e+02 7.9811660e+02 9.8318710e+02 5.0894390e+02 -8.0968350e+01 2.7760580e+02 5.7834540e+02 1.6425010e+03
1.6425010e+03 1.5268320e+03 3.0073960e+02 7.9811660e+02 9.8318710e+02 5.0894390e+02 -8.0968350e+01 2.7760580e+02 1.1219900e+03
1.1219900e+03 1.6425010e+03 1.5268320e+03 3.0073960e+02 7.9811660e+02 9.8318710e+02 5.0894390e+02 -8.0968350e+01 1.7234690e+03
1.7234690e+03 1.1219900e+03 1.6425010e+03 1.5268320e+03 3.0073960e+02 7.9811660e+02 9.8318710e+02 5.0894390e+02 2.4174840e+03
2.4174840e+03 1.7234690e+03 1.1219900e+03 1.6425010e+03 1.5268320e+03 3.0073960e+02 7.9811660e+02 9.8318710e+02 2.4290510e+03
2.4290510e+03 2.4174840e+03 1.7234690e+03 1.1219900e+03 1.6425010e+03 1.5268320e+03 3.0073960e+02 7.9811660e+02 1.8044380e+03
1.8044380e+03 2.4290510e+03 2.4174840e+03 1.7234690e+03 1.1219900e+03 1.6425010e+03 1.5268320e+03 3.0073960e+02 2.7413570e+03
2.7413570e+03 1.8044380e+03 2.4290510e+03 2.4174840e+03 1.7234690e+03 1.1219900e+03 1.6425010e+03 1.5268320e+03 2.8801600e+03
2.8801600e+03 2.7413570e+03 1.8044380e+03 2.4290510e+03 2.4174840e+03 1.7234690e+03 1.1219900e+03 1.6425010e+03 2.0010750e+03
2.0010750e+03 2.8801600e+03 2.7413570e+03 1.8044380e+03 2.4290510e+03 2.4174840e+03 1.7234690e+03 1.1219900e+03 1.8275710e+03
1.8275710e+03 2.0010750e+03 2.8801600e+03 2.7413570e+03 1.8044380e+03 2.4290510e+03 2.4174840e+03 1.7234690e+03 2.2324130e+03
2.2324130e+03 1.8275710e+03 2.0010750e+03 2.8801600e+03 2.7413570e+03 1.8044380e+03 2.4290510e+03 2.4174840e+03 1.2954940e+03
1.2954940e+03 2.2324130e+03 1.8275710e+03 2.0010750e+03 2.8801600e+03 2.7413570e+03 1.8044380e+03 2.4290510e+03 5.6677850e+02
5.6677850e+02 1.2954940e+03 2.2324130e+03 1.8275710e+03 2.0010750e+03 2.8801600e+03 2.7413570e+03 1.8044380e+03 -5.7834540e+01
-5.7834540e+01 5.6677850e+02 1.2954940e+03 2.2324130e+03 1.8275710e+03 2.0010750e+03 2.8801600e+03 2.7413570e+03 3.2387340e+02
3.2387340e+02 -5.7834540e+01 5.6677850e+02 1.2954940e+03 2.2324130e+03 1.8275710e+03 2.0010750e+03 2.8801600e+03 -1.5036980e+03
-1.5036980e+03 3.2387340e+02 -5.7834540e+01 5.6677850e+02 1.2954940e+03 2.2324130e+03 1.8275710e+03 2.0010750e+03 -1.7928710e+03
-1.7928710e+03 -1.5036980e+03 3.2387340e+02 -5.7834540e+01 5.6677850e+02 1.2954940e+03 2.2324130e+03 1.8275710e+03 -1.9663740e+03
-1.9663740e+03 -1.7928710e+03 -1.5036980e+03 3.2387340e+02 -5.7834540e+01 5.6677850e+02 1.2954940e+03 2.2324130e+03 -2.5100190e+03
-2.5100190e+03 -1.9663740e+03 -1.7928710e+03 -1.5036980e+03 3.2387340e+02 -5.7834540e+01 5.6677850e+02 1.2954940e+03 -3.5163400e+03
-3.5163400e+03 -2.5100190e+03 -1.9663740e+03 -1.7928710e+03 -1.5036980e+03 3.2387340e+02 -5.7834540e+01 5.6677850e+02 -3.6088750e+03
-3.6088750e+03 -3.5163400e+03 -2.5100190e+03 -1.9663740e+03 -1.7928710e+03 -1.5036980e+03 3.2387340e+02 -5.7834540e+01 -3.3659700e+03
-3.3659700e+03 -3.6088750e+03 -3.5163400e+03 -2.5100190e+03 -1.9663740e+03 -1.7928710e+03 -1.5036980e+03 3.2387340e+02 -4.1525200e+03
-4.1525200e+03 -3.3659700e+03 -3.6088750e+03 -3.5163400e+03 -2.5100190e+03 -1.9663740e+03 -1.7928710e+03 -1.5036980e+03 -4.6151960e+03
-4.6151960e+03 -4.1525200e+03 -3.3659700e+03 -3.6088750e+03 -3.5163400e+03 -2.5100190e+03 -1.9663740e+03 -1.7928710e+03 -3.8402130e+03
-3.8402130e+03 -4.6151960e+03 -4.1525200e+03 -3.3659700e+03 -3.6088750e+03 -3.5163400e+03 -2.5100190e+03 -1.9663740e+03 -4.2681890e+03
-4.2681890e+03 -3.8402130e+03 -4.6151960e+03 -4.1525200e+03 -3.3659700e+03 -3.6088750e+03 -3.5163400e+03 -2.5100190e+03 -4.5342280e+03
-4.5342280e+03 -4.2681890e+03 -3.8402130e+03 -4.6151960e+03 -4.1525200e+03 -3.3659700e+03 -3.6088750e+03 -3.5163400e+03 -4.4416920e+03
-4.4416920e+03 -4.5342280e+03 -4.2681890e+03 -3.8402130e+03 -4.6151960e+03 -4.1525200e+03 -3.3659700e+03 -3.6088750e+03 -3.7708120e+03
-3.7708120e+03 -4.4416920e+03 -4.5342280e+03 -4.2681890e+03 -3.8402130e+03 -4.6151960e+03 -4.1525200e+03 -3.3659700e+03 -4.0831180e+03
-4.0831180e+03 -3.7708120e+03 -4.4416920e+03 -4.5342280e+03 -4.2681890e+03 -3.8402130e+03 -4.6151960e+03 -4.1525200e+03 -4.4995270e+03
-4.4995270e+03 -4.0831180e+03 -3.7708120e+03 -4.4416920e+03 -4.5342280e+03 -4.2681890e+03 -3.8402130e+03 -4.6151960e+03 -3.1346320e+03
-3.1346320e+03 -4.4995270e+03 -4.0831180e+03 -3.7708120e+03 -4.4416920e+03 -4.5342280e+03 -4.2681890e+03 -3.8402130e+03 -3.2850020e+03
-3.2850020e+03 -3.1346320e+03 -4.4995270e+03 -4.0831180e+03 -3.7708120e+03 -4.4416920e+03 -4.5342280e+03 -4.2681890e+03 -3.2387340e+03
-3.2387340e+03 -3.2850020e+03 -3.1346320e+03 -4.4995270e+03 -4.0831180e+03 -3.7708120e+03 -4.4416920e+03 -4.5342280e+03 -2.4753180e+03
-2.4753180e+03 -3.2387340e+03 -3.2850020e+03 -3.1346320e+03 -4.4995270e+03 -4.0831180e+03 -3.7708120e+03 -4.4416920e+03 -1.1798250e+03
-1.1798250e+03 -2.4753180e+03 -3.2387340e+03 -3.2850020e+03 -3.1346320e+03 -4.4995270e+03 -4.0831180e+03 -3.7708120e+03 -7.6341590e+02
-7.6341590e+02 -1.1798250e+03 -2.4753180e+03 -3.2387340e+03 -3.2850020e+03 -3.1346320e+03 -4.4995270e+03 -4.0831180e+03 -1.3880290e+02
-1.3880290e+02 -7.6341590e+02 -1.1798250e+03 -2.4753180e+03 -3.2387340e+03 -3.2850020e+03 -3.1346320e+03 -4.4995270e+03 1.6309340e+03
1.6309340e+03 -1.3880290e+02 -7.6341590e+02 -1.1798250e+03 -2.4753180e+03 -3.2387340e+03 -3.2850020e+03 -3.1346320e+03 3.6204420e+03
3.6204420e+03 1.6309340e+03 -1.3880290e+02 -7.6341590e+02 -1.1798250e+03 -2.4753180e+03 -3.2387340e+03 -3.2850020e+03 3.1924660e+03
3.1924660e+03 3.6204420e+03 1.6309340e+03 -1.3880290e+02 -7.6341590e+02 -1.1798250e+03 -2.4753180e+03 -3.2387340e+03 5.8875560e+03
5.8875560e+03 3.1924660e+03 3.6204420e+03 1.6309340e+03 -1.3880290e+02 -7.6341590e+02 -1.1798250e+03 -2.4753180e+03 6.9401440e+03
6.9401440e+03 5.8875560e+03 3.1924660e+03 3.6204420e+03 1.6309340e+03 -1.3880290e+02 -7.6341590e+02 -1.1798250e+03 8.2009370e+03
8.2009370e+03 6.9401440e+03 5.8875560e+03 3.1924660e+03 3.6204420e+03 1.6309340e+03 -1.3880290e+02 -7.6341590e+02 8.2472050e+03
8.2472050e+03 8.2009370e+03 6.9401440e+03 5.8875560e+03 3.1924660e+03 3.6204420e+03 1.6309340e+03 -1.3880290e+02 9.4501630e+03
9.4501630e+03 8.2472050e+03 8.2009370e+03 6.9401440e+03 5.8875560e+03 3.1924660e+03 3.6204420e+03 1.6309340e+03 1.0375520e+04
1.0375520e+04 9.4501630e+03 8.2472050e+03 8.2009370e+03 6.9401440e+03 5.8875560e+03 3.1924660e+03 3.6204420e+03 8.9527860e+03
8.9527860e+03 1.0375520e+04 9.4501630e+03 8.2472050e+03 8.2009370e+03 6.9401440e+03 5.8875560e+03 3.1924660e+03 8.6520470e+03
8.6520470e+03 8.9527860e+03 1.0375520e+04 9.4501630e+03 8.2472050e+03 8.2009370e+03 6.9401440e+03 5.8875560e+03 8.4669760e+03
8.4669760e+03 8.6520470e+03 8.9527860e+03 1.0375520e+04 9.4501630e+03 8.2472050e+03 8.2009370e+03 6.9401440e+03 6.8476090e+03
6.8476090e+03 8.4669760e+03 8.6520470e+03 8.9527860e+03 1.0375520e+04 9.4501630e+03 8.2472050e+03 8.2009370e+03 4.5920620e+03
4.5920620e+03 6.8476090e+03 8.4669760e+03 8.6520470e+03 8.9527860e+03 1.0375520e+04 9.4501630e+03 8.2472050e+03 3.1577660e+03
3.1577660e+03 4.5920620e+03 6.8476090e+03 8.4669760e+03 8.6520470e+03 8.9527860e+03 1.0375520e+04 9.4501630e+03 1.8160040e+03
1.8160040e+03 3.1577660e+03 4.5920620e+03 6.8476090e+03 8.4669760e+03 8.6520470e+03 8.9527860e+03 1.0375520e+04 -6.0147920e+02
-6.0147920e+02 1.8160040e+03 3.1577660e+03 4.5920620e+03 6.8476090e+03 8.4669760e+03 8.6520470e+03 8.9527860e+03 -3.2734350e+03
-3.2734350e+03 -6.0147920e+02 1.8160040e+03 3.1577660e+03 4.5920620e+03 6.8476090e+03 8.4669760e+03 8.6520470e+03 -3.5857410e+03
-3.5857410e+03 -3.2734350e+03 -6.0147920e+02 1.8160040e+03 3.1577660e+03 4.5920620e+03 6.8476090e+03 8.4669760e+03 -5.4017460e+03
-5.4017460e+03 -3.5857410e+03 -3.2734350e+03 -6.0147920e+02 1.8160040e+03 3.1577660e+03 4.5920620e+03 6.8476090e+03 -6.7088060e+03
-6.7088060e+03 -5.4017460e+03 -3.5857410e+03 -3.2734350e+03 -6.0147920e+02 1.8160040e+03 3.1577660e+03 4.5920620e+03 -7.4606550e+03
-7.4606550e+03 -6.7088060e+03 -5.4017460e+03 -3.5857410e+03 -3.2734350e+03 -6.0147920e+02 1.8160040e+03 3.1577660e+03 -7.0442470e+03
-7.0442470e+03 -7.4606550e+03 -6.7088060e+03 -5.4017460e+03 -3.5857410e+03 -3.2734350e+03 -6.0147920e+02 1.8160040e+03 -6.8360420e+03
-6.8360420e+03 -7.0442470e+03 -7.4606550e+03 -6.7088060e+03 -5.4017460e+03 -3.5857410e+03 -3.2734350e+03 -6.0147920e+02 -7.4375210e+03
-7.4375210e+03 -6.8360420e+03 -7.0442470e+03 -7.4606550e+03 -6.7088060e+03 -5.4017460e+03 -3.5857410e+03 -3.2734350e+03 -5.7140520e+03
-5.7140520e+03 -7.4375210e+03 -6.8360420e+03 -7.0442470e+03 -7.4606550e+03 -6.7088060e+03 -5.4017460e+03 -3.5857410e+03 -4.6961640e+03
-4.6961640e+03 -5.7140520e+03 -7.4375210e+03 -6.8360420e+03 -7.0442470e+03 -7.4606550e+03 -6.7088060e+03 -5.4017460e+03 -4.0021500e+03
-4.0021500e+03 -4.6961640e+03 -5.7140520e+03 -7.4375210e+03 -6.8360420e+03 -7.0442470e+03 -7.4606550e+03 -6.7088060e+03 -2.9958290e+03
-2.9958290e+03 -4.0021500e+03 -4.6961640e+03 -5.7140520e+03 -7.4375210e+03 -6.8360420e+03 -7.0442470e+03 -7.4606550e+03 -1.7119020e+03
-1.7119020e+03 -2.9958290e+03 -4.0021500e+03 -4.6961640e+03 -5.7140520e+03 -7.4375210e+03 -6.8360420e+03 -7.0442470e+03 -1.7350360e+02
-1.7350360e+02 -1.7119020e+03 -2.9958290e+03 -4.0021500e+03 -4.6961640e+03 -5.7140520e+03 -7.4375210e+03 -6.8360420e+03 -2.7760580e+02
-2.7760580e+02 -1.7350360e+02 -1.7119020e+03 -2.9958290e+03 -4.0021500e+03 -4.6961640e+03 -5.7140520e+03 -7.4375210e+03 7.8654970e+02
7.8654970e+02 -2.7760580e+02 -1.7350360e+02 -1.7119020e+03 -2.9958290e+03 -4.0021500e+03 -4.6961640e+03 -5.7140520e+03 1.5499660e+03
1.5499660e+03 7.8654970e+02 -2.7760580e+02 -1.7350360e+02 -1.7119020e+03 -2.9958290e+03 -4.0021500e+03 -4.6961640e+03 1.8738390e+03
1.8738390e+03 1.5499660e+03 7.8654970e+02 -2.7760580e+02 -1.7350360e+02 -1.7119020e+03 -2.9958290e+03 -4.0021500e+03 1.6193670e+03
1.6193670e+03 1.8738390e+03 1.5499660e+03 7.8654970e+02 -2.7760580e+02 -1.7350360e+02 -1.7119020e+03 -2.9958290e+03 2.1283110e+03
2.1283110e+03 1.6193670e+03 1.8738390e+03 1.5499660e+03 7.8654970e+02 -2.7760580e+02 -1.7350360e+02 -1.7119020e+03 2.1398780e+03
2.1398780e+03 2.1283110e+03 1.6193670e+03 1.8738390e+03 1.5499660e+03 7.8654970e+02 -2.7760580e+02 -1.7350360e+02 2.3480820e+03
2.3480820e+03 2.1398780e+03 2.1283110e+03 1.6193670e+03 1.8738390e+03 1.5499660e+03 7.8654970e+02 -2.7760580e+02 1.7234690e+03
1.7234690e+03 2.3480820e+03 2.1398780e+03 2.1283110e+03 1.6193670e+03 1.8738390e+03 1.5499660e+03 7.8654970e+02 2.4059170e+03
2.4059170e+03 1.7234690e+03 2.3480820e+03 2.1398780e+03 2.1283110e+03 1.6193670e+03 1.8738390e+03 1.5499660e+03 2.3249480e+03
2.3249480e+03 2.4059170e+03 1.7234690e+03 2.3480820e+03 2.1398780e+03 2.1283110e+03 1.6193670e+03 1.8738390e+03 2.5331530e+03
2.5331530e+03 2.3249480e+03 2.4059170e+03 1.7234690e+03 2.3480820e+03 2.1398780e+03 2.1283110e+03 1.6193670e+03 2.4174840e+03
2.4174840e+03 2.5331530e+03 2.3249480e+03 2.4059170e+03 1.7234690e+03 2.3480820e+03 2.1398780e+03 2.1283110e+03 2.8454590e+03
2.8454590e+03 2.4174840e+03 2.5331530e+03 2.3249480e+03 2.4059170e+03 1.7234690e+03 2.3480820e+03 2.1398780e+03 3.3081350e+03
3.3081350e+03 2.8454590e+03 2.4174840e+03 2.5331530e+03 2.3249480e+03 2.4059170e+03 1.7234690e+03 2.3480820e+03 2.7876250e+03
2.7876250e+03 3.3081350e+03 2.8454590e+03 2.4174840e+03 2.5331530e+03 2.3249480e+03 2.4059170e+03 1.7234690e+03 3.2965690e+03
3.2965690e+03 2.7876250e+03 3.3081350e+03 2.8454590e+03 2.4174840e+03 2.5331530e+03 2.3249480e+03 2.4059170e+03 2.9958290e+03
2.9958290e+03 3.2965690e+03 2.7876250e+03 3.3081350e+03 2.8454590e+03 2.4174840e+03 2.5331530e+03 2.3249480e+03 2.9842620e+03
2.9842620e+03 2.9958290e+03 3.2965690e+03 2.7876250e+03 3.3081350e+03 2.8454590e+03 2.4174840e+03 2.5331530e+03 2.5447200e+03
2.5447200e+03 2.9842620e+03 2.9958290e+03 3.2965690e+03 2.7876250e+03 3.3081350e+03 2.8454590e+03 2.4174840e+03 1.6309340e+03
1.6309340e+03 2.5447200e+03 2.9842620e+03 2.9958290e+03 3.2965690e+03 2.7876250e+03 3.3081350e+03 2.8454590e+03 1.7928710e+03
1.7928710e+03 1.6309340e+03 2.5447200e+03 2.9842620e+03 2.9958290e+03 3.2965690e+03 2.7876250e+03 3.3081350e+03 3.2387340e+02
3.2387340e+02 1.7928710e+03 1.6309340e+03 2.5447200e+03 2.9842620e+03 2.9958290e+03 3.2965690e+03 2.7876250e+03 -2.5447200e+02
-2.5447200e+02 3.2387340e+02 1.7928710e+03 1.6309340e+03 2.5447200e+03 2.9842620e+03 2.9958290e+03 3.2965690e+03 -1.2145250e+03
-1.2145250e+03 -2.5447200e+02 3.2387340e+02 1.7928710e+03 1.6309340e+03 2.5447200e+03 2.9842620e+03 2.9958290e+03 -2.1977120e+03
-2.1977120e+03 -1.2145250e+03 -2.5447200e+02 3.2387340e+02 1.7928710e+03 1.6309340e+03 2.5447200e+03 2.9842620e+03 -2.8454590e+03
-2.8454590e+03 -2.1977120e+03 -1.2145250e+03 -2.5447200e+02 3.2387340e+02 1.7928710e+03 1.6309340e+03 2.5447200e+03 -4.3491570e+03
-4.3491570e+03 -2.8454590e+03 -2.1977120e+03 -1.2145250e+03 -2.5447200e+02 3.2387340e+02 1.7928710e+03 1.6309340e+03 -4.5110940e+03
-4.5110940e+03 -4.3491570e+03 -2.8454590e+03 -2.1977120e+03 -1.2145250e+03 -2.5447200e+02 3.2387340e+02 1.7928710e+03 -5.7834540e+03
-5.7834540e+03 -4.5110940e+03 -4.3491570e+03 -2.8454590e+03 -2.1977120e+03 -1.2145250e+03 -2.5447200e+02 3.2387340e+02 -6.1073270e+03
-6.1073270e+03 -5.7834540e+03 -4.5110940e+03 -4.3491570e+03 -2.8454590e+03 -2.1977120e+03 -1.2145250e+03 -2.5447200e+02 -6.8591760e+03
-6.8591760e+03 -6.1073270e+03 -5.7834540e+03 -4.5110940e+03 -4.3491570e+03 -2.8454590e+03 -2.1977120e+03 -1.2145250e+03 -7.1830490e+03
-7.1830490e+03 -6.8591760e+03 -6.1073270e+03 -5.7834540e+03 -4.5110940e+03 -4.3491570e+03 -2.8454590e+03 -2.1977120e+03 -7.5763240e+03
-7.5763240e+03 -7.1830490e+03 -6.8591760e+03 -6.1073270e+03 -5.7834540e+03 -4.5110940e+03 -4.3491570e+03 -2.8454590e+03 -7.5531900e+03
-7.5531900e+03 -7.5763240e+03 -7.1830490e+03 -6.8591760e+03 -6.1073270e+03 -5.7834540e+03 -4.5110940e+03 -4.3491570e+03 -7.7266940e+03
-7.7266940e+03 -7.5531900e+03 -7.5763240e+03 -7.1830490e+03 -6.8591760e+03 -6.1073270e+03 -5.7834540e+03 -4.5110940e+03 -7.5647570e+03
-7.5647570e+03 -7.7266940e+03 -7.5531900e+03 -7.5763240e+03 -7.1830490e+03 -6.8591760e+03 -6.1073270e+03 -5.7834540e+03 -7.4259540e+03
-7.4259540e+03 -7.5647570e+03 -7.7266940e+03 -7.5531900e+03 -7.5763240e+03 -7.1830490e+03 -6.8591760e+03 -6.1073270e+03 -6.4427670e+03
-6.4427670e+03 -7.4259540e+03 -7.5647570e+03 -7.7266940e+03 -7.5531900e+03 -7.5763240e+03 -7.1830490e+03 -6.8591760e+03 -6.0610590e+03
-6.0610590e+03 -6.4427670e+03 -7.4259540e+03 -7.5647570e+03 -7.7266940e+03 -7.5531900e+03 -7.5763240e+03 -7.1830490e+03 -5.8065870e+03
-5.8065870e+03 -6.0610590e+03 -6.4427670e+03 -7.4259540e+03 -7.5647570e+03 -7.7266940e+03 -7.5531900e+03 -7.5763240e+03 -3.3428360e+03
-3.3428360e+03 -5.8065870e+03 -6.0610590e+03 -6.4427670e+03 -7.4259540e+03 -7.5647570e+03 -7.7266940e+03 -7.5531900e+03 -3.0883640e+03
-3.0883640e+03 -3.3428360e+03 -5.8065870e+03 -6.0610590e+03 -6.4427670e+03 -7.4259540e+03 -7.5647570e+03 -7.7266940e+03 -8.6751800e+02
-8.6751800e+02 -3.0883640e+03 -3.3428360e+03 -5.8065870e+03 -6.0610590e+03 -6.4427670e+03 -7.4259540e+03 -7.5647570e+03 -1.1566910e+02
-1.1566910e+02 -8.6751800e+02 -3.0883640e+03 -3.3428360e+03 -5.8065870e+03 -6.0610590e+03 -6.4427670e+03 -7.4259540e+03 3.0073960e+03
3.0073960e+03 -1.1566910e+02 -8.6751800e+02 -3.0883640e+03 -3.3428360e+03 -5.8065870e+03 -6.0610590e+03 -6.4427670e+03 5.1241400e+03
5.1241400e+03 3.0073960e+03 -1.1566910e+02 -8.6751800e+02 -3.0883640e+03 -3.3428360e+03 -5.8065870e+03 -6.0610590e+03 4.8002670e+03
4.8002670e+03 5.1241400e+03 3.0073960e+03 -1.1566910e+02 -8.6751800e+02 -3.0883640e+03 -3.3428360e+03 -5.8065870e+03 9.5889660e+03
9.5889660e+03 4.8002670e+03 5.1241400e+03 3.0073960e+03 -1.1566910e+02 -8.6751800e+02 -3.0883640e+03 -3.3428360e+03 9.6930680e+03
9.6930680e+03 9.5889660e+03 4.8002670e+03 5.1241400e+03 3.0073960e+03 -1.1566910e+02 -8.6751800e+02 -3.0883640e+03 1.1983320e+04
1.1983320e+04 9.6930680e+03 9.5889660e+03 4.8002670e+03 5.1241400e+03 3.0073960e+03 -1.1566910e+02 -8.6751800e+02 1.1393400e+04
1.1393400e+04 1.1983320e+04 9.6930680e+03 9.5889660e+03 4.8002670e+03 5.1241400e+03 3.0073960e+03 -1.1566910e+02 1.4169460e+04
1.4169460e+04 1.1393400e+04 1.1983320e+04 9.6930680e+03 9.5889660e+03 4.8002670e+03 5.1241400e+03 3.0073960e+03 1.3533280e+04
1.3533280e+04 1.4169460e+04 1.1393400e+04 1.1983320e+04 9.6930680e+03 9.5889660e+03 4.8002670e+03 5.1241400e+03 1.2550090e+04
1.2550090e+04 1.3533280e+04 1.4169460e+04 1.1393400e+04 1.1983320e+04 9.6930680e+03 9.5889660e+03 4.8002670e+03 1.1335570e+04
1.1335570e+04 1.2550090e+04 1.3533280e+04 1.4169460e+04 1.1393400e+04 1.1983320e+04 9.6930680e+03 9.5889660e+03 1.1994880e+04
1.1994880e+04 1.1335570e+04 1.2550090e+04 1.3533280e+04 1.4169460e+04 1.1393400e+04 1.1983320e+04 9.6930680e+03 8.3050390e+03
8.3050390e+03 1.1994880e+04 1.1335570e+04 1.2550090e+04 1.3533280e+04 1.4169460e+04 1.1393400e+04 1.1983320e+04 5.9338230e+03
5.9338230e+03 8.3050390e+03 1.1994880e+04 1.1335570e+04 1.2550090e+04 1.3533280e+04 1.4169460e+04 1.1393400e+04 4.5920620e+03
4.5920620e+03 5.9338230e+03 8.3050390e+03 1.1994880e+04 1.1335570e+04 1.2550090e+04 1.3533280e+04 1.4169460e+04 1.8275710e+03
1.8275710e+03 4.5920620e+03 5.9338230e+03 8.3050390e+03 1.1994880e+04 1.1335570e+04 1.2550090e+04 1.3533280e+04 -5.8991230e+02
-5.8991230e+02 1.8275710e+03 4.5920620e+03 5.9338230e+03 8.3050390e+03 1.1994880e+04 1.1335570e+04 1.2550090e+04 -4.7539990e+03
-4.7539990e+03 -5.8991230e+02 1.8275710e+03 4.5920620e+03 5.9338230e+03 8.3050390e+03 1.1994880e+04 1.1335570e+04 -3.7823790e+03
-3.7823790e+03 -4.7539990e+03 -5.8991230e+02 1.8275710e+03 4.5920620e+03 5.9338230e+03 8.3050390e+03 1.1994880e+04 -7.3796870e+03
-7.3796870e+03 -3.7823790e+03 -4.7539990e+03 -5.8991230e+02 1.8275710e+03 4.5920620e+03 5.9338230e+03 8.3050390e+03 -8.4322750e+03
-8.4322750e+03 -7.3796870e+03 -3.7823790e+03 -4.7539990e+03 -5.8991230e+02 1.8275710e+03 4.5920620e+03 5.9338230e+03 -9.2997930e+03
-9.2997930e+03 -8.4322750e+03 -7.3796870e+03 -3.7823790e+03 -4.7539990e+03 -5.8991230e+02 1.8275710e+03 4.5920620e+03 -8.5826450e+03
-8.5826450e+03 -9.2997930e+03 -8.4322750e+03 -7.3796870e+03 -3.7823790e+03 -4.7539990e+03 -5.8991230e+02 1.8275710e+03 -8.8255500e+03
-8.8255500e+03 -8.5826450e+03 -9.2997930e+03 -8.4322750e+03 -7.3796870e+03 -3.7823790e+03 -4.7539990e+03 -5.8991230e+02 -9.1956910e+03
-9.1956910e+03 -8.8255500e+03 -8.5826450e+03 -9.2997930e+03 -8.4322750e+03 -7.3796870e+03 -3.7823790e+03 -4.7539990e+03 -6.9979790e+03
-6.9979790e+03 -9.1956910e+03 -8.8255500e+03 -8.5826450e+03 -9.2997930e+03 -8.4322750e+03 -7.3796870e+03 -3.7823790e+03 -5.8412880e+03
-5.8412880e+03 -6.9979790e+03 -9.1956910e+03 -8.8255500e+03 -8.5826450e+03 -9.2997930e+03 -8.4322750e+03 -7.3796870e+03 -5.1010060e+03
-5.1010060e+03 -5.8412880e+03 -6.9979790e+03 -9.1956910e+03 -8.8255500e+03 -8.5826450e+03 -9.2997930e+03 -8.4322750e+03 -3.8749140e+03
-3.8749140e+03 -5.1010060e+03 -5.8412880e+03 -6.9979790e+03 -9.1956910e+03 -8.8255500e+03 -8.5826450e+03 -9.2997930e+03 -1.8854060e+03
-1.8854060e+03 -3.8749140e+03 -5.1010060e+03 -5.8412880e+03 -6.9979790e+03 -9.1956910e+03 -8.8255500e+03 -8.5826450e+03 -7.1714820e+02
-7.1714820e+02 -1.8854060e+03 -3.8749140e+03 -5.1010060e+03 -5.8412880e+03 -6.9979790e+03 -9.1956910e+03 -8.8255500e+03 -3.4700720e+02
-3.4700720e+02 -7.1714820e+02 -1.8854060e+03 -3.8749140e+03 -5.1010060e+03 -5.8412880e+03 -6.9979790e+03 -9.1956910e+03 7.8654970e+02
7.8654970e+02 -3.4700720e+02 -7.1714820e+02 -1.8854060e+03 -3.8749140e+03 -5.1010060e+03 -5.8412880e+03 -6.9979790e+03 1.7350360e+03
1.7350360e+03 7.8654970e+02 -3.4700720e+02 -7.1714820e+02 -1.8854060e+03 -3.8749140e+03 -5.1010060e+03 -5.8412880e+03 2.1398780e+03
2.1398780e+03 1.7350360e+03 7.8654970e+02 -3.4700720e+02 -7.1714820e+02 -1.8854060e+03 -3.8749140e+03 -5.1010060e+03 1.7813040e+03
1.7813040e+03 2.1398780e+03 1.7350360e+03 7.8654970e+02 -3.4700720e+02 -7.1714820e+02 -1.8854060e+03 -3.8749140e+03 2.7182230e+03
2.7182230e+03 1.7813040e+03 2.1398780e+03 1.7350360e+03 7.8654970e+02 -3.4700720e+02 -7.1714820e+02 -1.8854060e+03 2.4753180e+03
2.4753180e+03 2.7182230e+03 1.7813040e+03 2.1398780e+03 1.7350360e+03 7.8654970e+02 -3.4700720e+02 -7.1714820e+02 2.7760580e+03
2.7760580e+03 2.4753180e+03 2.7182230e+03 1.7813040e+03 2.1398780e+03 1.7350360e+03 7.8654970e+02 -3.4700720e+02 2.4406170e+03
2.4406170e+03 2.7760580e+03 2.4753180e+03 2.7182230e+03 1.7813040e+03 2.1398780e+03 1.7350360e+03 7.8654970e+02 2.8917270e+03
2.8917270e+03 2.4406170e+03 2.7760580e+03 2.4753180e+03 2.7182230e+03 1.7813040e+03 2.1398780e+03 1.7350360e+03 2.8917270e+03
2.8917270e+03 2.8917270e+03 2.4406170e+03 2.7760580e+03 2.4753180e+03 2.7182230e+03 1.7813040e+03 2.1398780e+03 2.9495610e+03
2.9495610e+03 2.8917270e+03 2.8917270e+03 2.4406170e+03 2.7760580e+03 2.4753180e+03 2.7182230e+03 1.7813040e+03 3.1808990e+03
3.1808990e+03 2.9495610e+03 2.8917270e+03 2.8917270e+03 2.4406170e+03 2.7760580e+03 2.4753180e+03 2.7182230e+03 2.8338920e+03
2.8338920e+03 3.1808990e+03 2.9495610e+03 2.8917270e+03 2.8917270e+03 2.4406170e+03 2.7760580e+03 2.4753180e+03 3.5626070e+03
3.5626070e+03 2.8338920e+03 3.1808990e+03 2.9495610e+03 2.8917270e+03 2.8917270e+03 2.4406170e+03 2.7760580e+03 2.7297900e+03
2.7297900e+03 3.5626070e+03 2.8338920e+03 3.1808990e+03 2.9495610e+03 2.8917270e+03 2.8917270e+03 2.4406170e+03 3.3775370e+03
3.3775370e+03 2.7297900e+03 3.5626070e+03 2.8338920e+03 3.1808990e+03 2.9495610e+03 2.8917270e+03 2.8917270e+03 2.1977120e+03
2.1977120e+03 3.3775370e+03 2.7297900e+03 3.5626070e+03 2.8338920e+03 3.1808990e+03 2.9495610e+03 2.8917270e+03 2.4406170e+03
2.4406170e+03 2.1977120e+03 3.3775370e+03 2.7297900e+03 3.5626070e+03 2.8338920e+03 3.1808990e+03 2.9495610e+03 2.1745790e+03
2.1745790e+03 2.4406170e+03 2.1977120e+03 3.3775370e+03 2.7297900e+03 3.5626070e+03 2.8338920e+03 3.1808990e+03 7.1714820e+02
7.1714820e+02 2.1745790e+03 2.4406170e+03 2.1977120e+03 3.3775370e+03 2.7297900e+03 3.5626070e+03 2.8338920e+03 6.8244750e+02
6.8244750e+02 7.1714820e+02 2.1745790e+03 2.4406170e+03 2.1977120e+03 3.3775370e+03 2.7297900e+03 3.5626070e+03 -3.1230650e+02
-3.1230650e+02 6.8244750e+02 7.1714820e+02 2.1745790e+03 2.4406170e+03 2.1977120e+03 3.3775370e+03 2.7297900e+03 -5.5521150e+02
-5.5521150e+02 -3.1230650e+02 6.8244750e+02 7.1714820e+02 2.1745790e+03 2.4406170e+03 2.1977120e+03 3.3775370e+03 -2.1398780e+03
-2.1398780e+03 -5.5521150e+02 -3.1230650e+02 6.8244750e+02 7.1714820e+02 2.1745790e+03 2.4406170e+03 2.1977120e+03 -2.5909870e+03
-2.5909870e+03 -2.1398780e+03 -5.5521150e+02 -3.1230650e+02 6.8244750e+02 7.1714820e+02 2.1745790e+03 2.4406170e+03 -2.6256880e+03
-2.6256880e+03 -2.5909870e+03 -2.1398780e+03 -5.5521150e+02 -3.1230650e+02 6.8244750e+02 7.1714820e+02 2.1745790e+03 -4.0484180e+03
-4.0484180e+03 -2.6256880e+03 -2.5909870e+03 -2.1398780e+03 -5.5521150e+02 -3.1230650e+02 6.8244750e+02 7.1714820e+02 -4.5457950e+03
-4.5457950e+03 -4.0484180e+03 -2.6256880e+03 -2.5909870e+03 -2.1398780e+03 -5.5521150e+02 -3.1230650e+02 6.8244750e+02 -4.9043690e+03
-4.9043690e+03 -4.5457950e+03 -4.0484180e+03 -2.6256880e+03 -2.5909870e+03 -2.1398780e+03 -5.5521150e+02 -3.1230650e+02 -5.1125730e+03
-5.1125730e+03 -4.9043690e+03 -4.5457950e+03 -4.0484180e+03 -2.6256880e+03 -2.5909870e+03 -2.1398780e+03 -5.5521150e+02 -5.9106900e+03
-5.9106900e+03 -5.1125730e+03 -4.9043690e+03 -4.5457950e+03 -4.0484180e+03 -2.6256880e+03 -2.5909870e+03 -2.1398780e+03 -6.5468700e+03
-6.5468700e+03 -5.9106900e+03 -5.1125730e+03 -4.9043690e+03 -4.5457950e+03 -4.0484180e+03 -2.6256880e+03 -2.5909870e+03 -6.2576970e+03
-6.2576970e+03 -6.5468700e+03 -5.9106900e+03 -5.1125730e+03 -4.9043690e+03 -4.5457950e+03 -4.0484180e+03 -2.6256880e+03 -6.7897750e+03
-6.7897750e+03 -6.2576970e+03 -6.5468700e+03 -5.9106900e+03 -5.1125730e+03 -4.9043690e+03 -4.5457950e+03 -4.0484180e+03 -7.2871520e+03
-7.2871520e+03 -6.7897750e+03 -6.2576970e+03 -6.5468700e+03 -5.9106900e+03 -5.1125730e+03 -4.9043690e+03 -4.5457950e+03 -6.9979790e+03
-6.9979790e+03 -7.2871520e+03 -6.7897750e+03 -6.2576970e+03 -6.5468700e+03 -5.9106900e+03 -5.1125730e+03 -4.9043690e+03 -7.5647570e+03
-7.5647570e+03 -6.9979790e+03 -7.2871520e+03 -6.7897750e+03 -6.2576970e+03 -6.5468700e+03 -5.9106900e+03 -5.1125730e+03 -6.5006020e+03
-6.5006020e+03 -7.5647570e+03 -6.9979790e+03 -7.2871520e+03 -6.7897750e+03 -6.2576970e+03 -6.5468700e+03 -5.9106900e+03 -6.7666410e+03
-6.7666410e+03 -6.5006020e+03 -7.5647570e+03 -6.9979790e+03 -7.2871520e+03 -6.7897750e+03 -6.2576970e+03 -6.5468700e+03 -6.3155310e+03
-6.3155310e+03 -6.7666410e+03 -6.5006020e+03 -7.5647570e+03 -6.9979790e+03 -7.2871520e+03 -6.7897750e+03 -6.2576970e+03 -4.5920620e+03
-4.5920620e+03 -6.3155310e+03 -6.7666410e+03 -6.5006020e+03 -7.5647570e+03 -6.9979790e+03 -7.2871520e+03 -6.7897750e+03 -4.0021500e+03
-4.0021500e+03 -4.5920620e+03 -6.3155310e+03 -6.7666410e+03 -6.5006020e+03 -7.5647570e+03 -6.9979790e+03 -7.2871520e+03 -1.9548070e+03
-1.9548070e+03 -4.0021500e+03 -4.5920620e+03 -6.3155310e+03 -6.7666410e+03 -6.5006020e+03 -7.5647570e+03 -6.9979790e+03 -9.1378570e+02
-9.1378570e+02 -1.9548070e+03 -4.0021500e+03 -4.5920620e+03 -6.3155310e+03 -6.7666410e+03 -6.5006020e+03 -7.5647570e+03 9.8318710e+02
9.8318710e+02 -9.1378570e+02 -1.9548070e+03 -4.0021500e+03 -4.5920620e+03 -6.3155310e+03 -6.7666410e+03 -6.5006020e+03 5.3439110e+03
5.3439110e+03 9.8318710e+02 -9.1378570e+02 -1.9548070e+03 -4.0021500e+03 -4.5920620e+03 -6.3155310e+03 -6.7666410e+03 3.5163400e+03
3.5163400e+03 5.3439110e+03 9.8318710e+02 -9.1378570e+02 -1.9548070e+03 -4.0021500e+03 -4.5920620e+03 -6.3155310e+03 8.6057790e+03
8.6057790e+03 3.5163400e+03 5.3439110e+03 9.8318710e+02 -9.1378570e+02 -1.9548070e+03 -4.0021500e+03 -4.5920620e+03 9.3923290e+03
9.3923290e+03 8.6057790e+03 3.5163400e+03 5.3439110e+03 9.8318710e+02 -9.1378570e+02 -1.9548070e+03 -4.0021500e+03 1.1115800e+04
1.1115800e+04 9.3923290e+03 8.6057790e+03 3.5163400e+03 5.3439110e+03 9.8318710e+02 -9.1378570e+02 -1.9548070e+03 1.1832950e+04
1.1832950e+04 1.1115800e+04 9.3923290e+03 8.6057790e+03 3.5163400e+03 5.3439110e+03 9.8318710e+02 -9.1378570e+02 1.2145250e+04
1.2145250e+04 1.1832950e+04 1.1115800e+04 9.3923290e+03 8.6057790e+03 3.5163400e+03 5.3439110e+03 9.8318710e+02 1.4342960e+04
1.4342960e+04 1.2145250e+04 1.1832950e+04 1.1115800e+04 9.3923290e+03 8.6057790e+03 3.5163400e+03 5.3439110e+03 1.1948620e+04
1.1948620e+04 1.4342960e+04 1.2145250e+04 1.1832950e+04 1.1115800e+04 9.3923290e+03 8.6057790e+03 3.5163400e+03 1.1104230e+04
1.1104230e+04 1.1948620e+04 1.4342960e+04 1.2145250e+04 1.1832950e+04 1.1115800e+04 9.3923290e+03 8.6057790e+03 1.1092660e+04
1.1092660e+04 1.1104230e+04 1.1948620e+04 1.4342960e+04 1.2145250e+04 1.1832950e+04 1.1115800e+04 9.3923290e+03 9.0800220e+03
9.0800220e+03 1.1092660e+04 1.1104230e+04 1.1948620e+04 1.4342960e+04 1.2145250e+04 1.1832950e+04 1.1115800e+04 5.5636820e+03
5.5636820e+03 9.0800220e+03 1.1092660e+04 1.1104230e+04 1.1948620e+04 1.4342960e+04 1.2145250e+04 1.1832950e+04 4.9043690e+03
4.9043690e+03 5.5636820e+03 9.0800220e+03 1.1092660e+04 1.1104230e+04 1.1948620e+04 1.4342960e+04 1.2145250e+04 1.4111630e+03
1.4111630e+03 4.9043690e+03 5.5636820e+03 9.0800220e+03 1.1092660e+04 1.1104230e+04 1.1948620e+04 1.4342960e+04 8.7908500e+02
8.7908500e+02 1.4111630e+03 4.9043690e+03 5.5636820e+03 9.0800220e+03 1.1092660e+04 1.1104230e+04 1.1948620e+04 -4.2566220e+03
-4.2566220e+03 8.7908500e+02 1.4111630e+03 4.9043690e+03 5.5636820e+03 9.0800220e+03 1.1092660e+04 1.1104230e+04 -3.5047730e+03
-3.5047730e+03 -4.2566220e+03 8.7908500e+02 1.4111630e+03 4.9043690e+03 5.5636820e+03 9.0800220e+03 1.1092660e+04 -5.8759890e+03
-5.8759890e+03 -3.5047730e+03 -4.2566220e+03 8.7908500e+02 1.4111630e+03 4.9043690e+03 5.5636820e+03 9.0800220e+03 -7.2177500e+03
-7.2177500e+03 -5.8759890e+03 -3.5047730e+03 -4.2566220e+03 8.7908500e+02 1.4111630e+03 4.9043690e+03 5.5636820e+03 -7.6110250e+03
-7.6110250e+03 -7.2177500e+03 -5.8759890e+03 -3.5047730e+03 -4.2566220e+03 8.7908500e+02 1.4111630e+03 4.9043690e+03 -7.9927330e+03
-7.9927330e+03 -7.6110250e+03 -7.2177500e+03 -5.8759890e+03 -3.5047730e+03 -4.2566220e+03 8.7908500e+02 1.4111630e+03 -6.7203730e+03
-6.7203730e+03 -7.9927330e+03 -7.6110250e+03 -7.2177500e+03 -5.8759890e+03 -3.5047730e+03 -4.2566220e+03 8.7908500e+02 -7.3565530e+03
-7.3565530e+03 -6.7203730e+03 -7.9927330e+03 -7.6110250e+03 -7.2177500e+03 -5.8759890e+03 -3.5047730e+03 -4.2566220e+03 -5.8875560e+03
-5.8875560e+03 -7.3565530e+03 -6.7203730e+03 -7.9927330e+03 -7.6110250e+03 -7.2177500e+03 -5.8759890e+03 -3.5047730e+03 -4.5920620e+03
-4.5920620e+03 -5.8875560e+03 -7.3565530e+03 -6.7203730e+03 -7.9927330e+03 -7.6110250e+03 -7.2177500e+03 -5.8759890e+03 -3.3081350e+03
-3.3081350e+03 -4.5920620e+03 -5.8875560e+03 -7.3565530e+03 -6.7203730e+03 -7.9927330e+03 -7.6110250e+03 -7.2177500e+03 -2.3596490e+03
-2.3596490e+03 -3.3081350e+03 -4.5920620e+03 -5.8875560e+03 -7.3565530e+03 -6.7203730e+03 -7.9927330e+03 -7.6110250e+03 -1.1335570e+03
-1.1335570e+03 -2.3596490e+03 -3.3081350e+03 -4.5920620e+03 -5.8875560e+03 -7.3565530e+03 -6.7203730e+03 -7.9927330e+03 3.7014100e+02
3.7014100e+02 -1.1335570e+03 -2.3596490e+03 -3.3081350e+03 -4.5920620e+03 -5.8875560e+03 -7.3565530e+03 -6.7203730e+03 1.3764620e+03
1.3764620e+03 3.7014100e+02 -1.1335570e+03 -2.3596490e+03 -3.3081350e+03 -4.5920620e+03 -5.8875560e+03 -7.3565530e+03 1.6193670e+03
1.6193670e+03 1.3764620e+03 3.7014100e+02 -1.1335570e+03 -2.3596490e+03 -3.3081350e+03 -4.5920620e+03 -5.8875560e+03 2.6141210e+03
2.6141210e+03 1.6193670e+03 1.3764620e+03 3.7014100e+02 -1.1335570e+03 -2.3596490e+03 -3.3081350e+03 -4.5920620e+03 3.2734350e+03
3.2734350e+03 2.6141210e+03 1.6193670e+03 1.3764620e+03 3.7014100e+02 -1.1335570e+03 -2.3596490e+03 -3.3081350e+03 3.2734350e+03
3.2734350e+03 3.2734350e+03 2.6141210e+03 1.6193670e+03 1.3764620e+03 3.7014100e+02 -1.1335570e+03 -2.3596490e+03 3.3081350e+03
3.3081350e+03 3.2734350e+03 3.2734350e+03 2.6141210e+03 1.6193670e+03 1.3764620e+03 3.7014100e+02 -1.1335570e+03 3.2965690e+03
3.2965690e+03 3.3081350e+03 3.2734350e+03 3.2734350e+03 2.6141210e+03 1.6193670e+03 1.3764620e+03 3.7014100e+02 3.5163400e+03
3.5163400e+03 3.2965690e+03 3.3081350e+03 3.2734350e+03 3.2734350e+03 2.6141210e+03 1.6193670e+03 1.3764620e+03 2.8454590e+03
2.8454590e+03 3.5163400e+03 3.2965690e+03 3.3081350e+03 3.2734350e+03 3.2734350e+03 2.6141210e+03 1.6193670e+03 2.7644910e+03
2.7644910e+03 2.8454590e+03 3.5163400e+03 3.2965690e+03 3.3081350e+03 3.2734350e+03 3.2734350e+03 2.6141210e+03 2.1977120e+03
2.1977120e+03 2.7644910e+03 2.8454590e+03 3.5163400e+03 3.2965690e+03 3.3081350e+03 3.2734350e+03 3.2734350e+03 2.1283110e+03
2.1283110e+03 2.1977120e+03 2.7644910e+03 2.8454590e+03 3.5163400e+03 3.2965690e+03 3.3081350e+03 3.2734350e+03 1.7581700e+03
1.7581700e+03 2.1283110e+03 2.1977120e+03 2.7644910e+03 2.8454590e+03 3.5163400e+03 3.2965690e+03 3.3081350e+03 6.9401440e+02
6.9401440e+02 1.7581700e+03 2.1283110e+03 2.1977120e+03 2.7644910e+03 2.8454590e+03 3.5163400e+03 3.2965690e+03 1.2260920e+03
1.2260920e+03 6.9401440e+02 1.7581700e+03 2.1283110e+03 2.1977120e+03 2.7644910e+03 2.8454590e+03 3.5163400e+03 6.9401440e+01
6.9401440e+01 1.2260920e+03 6.9401440e+02 1.7581700e+03 2.1283110e+03 2.1977120e+03 2.7644910e+03 2.8454590e+03 2.6603890e+02
2.6603890e+02 6.9401440e+01 1.2260920e+03 6.9401440e+02 1.7581700e+03 2.1283110e+03 2.1977120e+03 2.7644910e+03 -4.9737700e+02
-4.9737700e+02 2.6603890e+02 6.9401440e+01 1.2260920e+03 6.9401440e+02 1.7581700e+03 2.1283110e+03 2.1977120e+03 -1.3186270e+03
-1.3186270e+03 -4.9737700e+02 2.6603890e+02 6.9401440e+01 1.2260920e+03 6.9401440e+02 1.7581700e+03 2.1283110e+03 -3.5857410e+02
-3.5857410e+02 -1.3186270e+03 -4.9737700e+02 2.6603890e+02 6.9401440e+01 1.2260920e+03 6.9401440e+02 1.7581700e+03 -2.2902480e+03
-2.2902480e+03 -3.5857410e+02 -1.3186270e+03 -4.9737700e+02 2.6603890e+02 6.9401440e+01 1.2260920e+03 6.9401440e+02 -1.8969730e+03
-1.8969730e+03 -2.2902480e+03 -3.5857410e+02 -1.3186270e+03 -4.9737700e+02 2.6603890e+02 6.9401440e+01 1.2260920e+03 -2.3712160e+03
-2.3712160e+03 -1.8969730e+03 -2.2902480e+03 -3.5857410e+02 -1.3186270e+03 -4.9737700e+02 2.6603890e+02 6.9401440e+01 -2.7066560e+03
-2.7066560e+03 -2.3712160e+03 -1.8969730e+03 -2.2902480e+03 -3.5857410e+02 -1.3186270e+03 -4.9737700e+02 2.6603890e+02 -3.0305300e+03
-3.0305300e+03 -2.7066560e+03 -2.3712160e+03 -1.8969730e+03 -2.2902480e+03 -3.5857410e+02 -1.3186270e+03 -4.9737700e+02 -4.0368510e+03
-4.0368510e+03 -3.0305300e+03 -2.7066560e+03 -2.3712160e+03 -1.8969730e+03 -2.2902480e+03 -3.5857410e+02 -1.3186270e+03 -3.0536640e+03
-3.0536640e+03 -4.0368510e+03 -3.0305300e+03 -2.7066560e+03 -2.3712160e+03 -1.8969730e+03 -2.2902480e+03 -3.5857410e+02 -4.4185590e+03
-4.4185590e+03 -3.0536640e+03 -4.0368510e+03 -3.0305300e+03 -2.7066560e+03 -2.3712160e+03 -1.8969730e+03 -2.2902480e+03 -4.6845970e+03
-4.6845970e+03 -4.4185590e+03 -3.0536640e+03 -4.0368510e+03 -3.0305300e+03 -2.7066560e+03 -2.3712160e+03 -1.8969730e+03 -4.5573610e+03
-4.5573610e+03 -4.6845970e+03 -4.4185590e+03 -3.0536640e+03 -4.0368510e+03 -3.0305300e+03 -2.7066560e+03 -2.3712160e+03 -5.2398090e+03
-5.2398090e+03 -4.5573610e+03 -4.6845970e+03 -4.4185590e+03 -3.0536640e+03 -4.0368510e+03 -3.0305300e+03 -2.7066560e+03 -5.4827140e+03
-5.4827140e+03 -5.2398090e+03 -4.5573610e+03 -4.6845970e+03 -4.4185590e+03 -3.0536640e+03 -4.0368510e+03 -3.0305300e+03 -6.6278380e+03
-6.6278380e+03 -5.4827140e+03 -5.2398090e+03 -4.5573610e+03 -4.6845970e+03 -4.4185590e+03 -3.0536640e+03 -4.0368510e+03 -5.4827140e+03
-5.4827140e+03 -6.6278380e+03 -5.4827140e+03 -5.2398090e+03 -4.5573610e+03 -4.6845970e+03 -4.4185590e+03 -3.0536640e+03 -7.1136480e+03
-7.1136480e+03 -5.4827140e+03 -6.6278380e+03 -5.4827140e+03 -5.2398090e+03 -4.5573610e+03 -4.6845970e+03 -4.4185590e+03 -7.1136480e+03
-7.1136480e+03 -7.1136480e+03 -5.4827140e+03 -6.6278380e+03 -5.4827140e+03 -5.2398090e+03 -4.5573610e+03 -4.6845970e+03 -6.2229960e+03
-6.2229960e+03 -7.1136480e+03 -7.1136480e+03 -5.4827140e+03 -6.6278380e+03 -5.4827140e+03 -5.2398090e+03 -4.5573610e+03 -6.5815700e+03
-6.5815700e+03 -6.2229960e+03 -7.1136480e+03 -7.1136480e+03 -5.4827140e+03 -6.6278380e+03 -5.4827140e+03 -5.2398090e+03 -6.5006020e+03
-6.5006020e+03 -6.5815700e+03 -6.2229960e+03 -7.1136480e+03 -7.1136480e+03 -5.4827140e+03 -6.6278380e+03 -5.4827140e+03 -4.6036290e+03
-4.6036290e+03 -6.5006020e+03 -6.5815700e+03 -6.2229960e+03 -7.1136480e+03 -7.1136480e+03 -5.4827140e+03 -6.6278380e+03 -4.3838580e+03
-4.3838580e+03 -4.6036290e+03 -6.5006020e+03 -6.5815700e+03 -6.2229960e+03 -7.1136480e+03 -7.1136480e+03 -5.4827140e+03 -1.7813040e+03
-1.7813040e+03 -4.3838580e+03 -4.6036290e+03 -6.5006020e+03 -6.5815700e+03 -6.2229960e+03 -7.1136480e+03 -7.1136480e+03 -1.9085400e+03
-1.9085400e+03 -1.7813040e+03 -4.3838580e+03 -4.6036290e+03 -6.5006020e+03 -6.5815700e+03 -6.2229960e+03 -7.1136480e+03 1.6309340e+03
1.6309340e+03 -1.9085400e+03 -1.7813040e+03 -4.3838580e+03 -4.6036290e+03 -6.5006020e+03 -6.5815700e+03 -6.2229960e+03 4.8812350e+03
4.8812350e+03 1.6309340e+03 -1.9085400e+03 -1.7813040e+03 -4.3838580e+03 -4.6036290e+03 -6.5006020e+03 -6.5815700e+03 2.3596490e+03
2.3596490e+03 4.8812350e+03 1.6309340e+03 -1.9085400e+03 -1.7813040e+03 -4.3838580e+03 -4.6036290e+03 -6.5006020e+03 1.0398650e+04
1.0398650e+04 2.3596490e+03 4.8812350e+03 1.6309340e+03 -1.9085400e+03 -1.7813040e+03 -4.3838580e+03 -4.6036290e+03 7.7382610e+03
7.7382610e+03 1.0398650e+04 2.3596490e+03 4.8812350e+03 1.6309340e+03 -1.9085400e+03 -1.7813040e+03 -4.3838580e+03 1.2168390e+04
1.2168390e+04 7.7382610e+03 1.0398650e+04 2.3596490e+03 4.8812350e+03 1.6309340e+03 -1.9085400e+03 -1.7813040e+03 1.1196770e+04
1.1196770e+04 1.2168390e+04 7.7382610e+03 1.0398650e+04 2.3596490e+03 4.8812350e+03 1.6309340e+03 -1.9085400e+03 1.3151570e+04
1.3151570e+04 1.1196770e+04 1.2168390e+04 7.7382610e+03 1.0398650e+04 2.3596490e+03 4.8812350e+03 1.6309340e+03 1.4435500e+04
1.4435500e+04 1.3151570e+04 1.1196770e+04 1.2168390e+04 7.7382610e+03 1.0398650e+04 2.3596490e+03 4.8812350e+03 1.1416540e+04
1.1416540e+04 1.4435500e+04 1.3151570e+04 1.1196770e+04 1.2168390e+04 7.7382610e+03 1.0398650e+04 2.3596490e+03 1.2260920e+04
1.2260920e+04 1.1416540e+04 1.4435500e+04 1.3151570e+04 1.1196770e+04 1.2168390e+04 7.7382610e+03 1.0398650e+04 1.1439670e+04
1.1439670e+04 1.2260920e+04 1.1416540e+04 1.4435500e+04 1.3151570e+04 1.1196770e+04 1.2168390e+04 7.7382610e+03 8.5363780e+03
8.5363780e+03 1.1439670e+04 1.2260920e+04 1.1416540e+04 1.4435500e+04 1.3151570e+04 1.1196770e+04 1.2168390e+04 6.3039640e+03
