0.41940070575987878 0. -6.948075820008637E-6 0. 
-0.6202574220062708 0. -2.0435300767292925E-2 0. 
-0.37934428003405626 0.7482467599285891 -1. 0. 
-0.37934428003405626 -0.7482467599285891 1. 0. 
0.8920847906388182 0.31723589310973046 -1. 0. 
0.8920847906388182 -0.31723589310973046 1. 0. 
-0.17905625927919434 0.9533581188048785 -1. 0. 
-0.17905625927919434 -0.9533581188048785 1. 0. 
-0.6047549320150156 0.454398736469024 -1. 0. 
-0.6047549320150156 -0.454398736469024 1. 0. 
-6.257148772976218E-2 0.9794641811560639 1. 0. 
-6.257148772976218E-2 -0.9794641811560639 -1. 0. 
0.96658924500408 0.25542569028494269 -1. 0. 
0.96658924500408 -0.25542569028494269 1. 0. 
-0.7860516342248618 0.5688552693730438 1. 0. 
-0.7860516342248618 -0.5688552693730438 -1. 0. 
0.9857391416852562 0.12201901904867438 -1. 0. 
0.9857391416852562 -0.12201901904867438 1. 0. 
-0.9761543259220683 0.23865828893324063 -1. 0. 
-0.9761543259220683 -0.23865828893324063 1. 0. 
0.6672130236898013 0.2303672177355115 1. 0. 
0.6672130236898013 -0.2303672177355115 -1. 0. 
-0.17629738089883496 0.9543124959503466 -1. 0. 
-0.17629738089883496 -0.9543124959503466 1. 0. 
-1.0088455116474769 0. -58.03103680043846 0. 
0.8742469057732856 0. -74.5333518195802 0. 
-0.19225412128156259 0.9852338759857606 1. 0. 
-0.19225412128156259 -0.9852338759857606 -1. 0. 
-0.8572582001624952 0.5540860094847472 -1. 0. 
-0.8572582001624952 -0.5540860094847472 1. 0. 
-7.268068931200206E-2 0.9759033901271348 1. 0. 
-7.268068931200206E-2 -0.9759033901271348 -1. 0. 
0.9367339418580473 0.2743449945884961 1. 0. 
0.9367339418580473 -0.2743449945884961 -1. 0. 
-0.9005224295614798 0.30012350960082248 -1. 0. 
-0.9005224295614798 -0.30012350960082248 1. 0. 
-0.826352800505386 0.6258368597017349 1. 0. 
-0.826352800505386 -0.6258368597017349 -1. 0. 
1.0492541591110077 0.22071861824900944 1. 0. 
1.0492541591110077 -0.22071861824900944 -1. 0. 
0.14732662956843943 0. -1.2150443392463092E-19 0. 
-0.45434534165458487 0.5319647248116419 1. 0. 
-0.45434534165458487 -0.5319647248116419 -1. 0. 
-5.962842465522839E-2 0.9361802259647717 1. 0. 
-5.962842465522839E-2 -0.9361802259647717 -1. 0. 
0.6382436474914597 0.6658025419890085 1. 0. 
0.6382436474914597 -0.6658025419890085 -1. 0. 
0.3635965082336091 0.8487906437046199 1. 0. 
0.3635965082336091 -0.8487906437046199 -1. 0. 
-0.7406741785907438 0.7012276298853133 1. 0. 
-0.7406741785907438 -0.7012276298853133 -1. 0. 
-0.2133654537515157 1.0910823971440307 1. 0. 
-0.2133654537515157 -1.0910823971440307 -1. 0. 
0.8429925266196305 9.636847466951994E-2 -1. 0. 
0.8429925266196305 -9.636847466951994E-2 1. 0. 
-0.8290708854475826 0. -1.7156046944551844E-6 0. 
-0.9018193597639728 0.32367203313501877 1. 0. 
-0.9018193597639728 -0.32367203313501877 -1. 0. 
0.9240686540109179 0.22736658596220059 -1. 0. 
0.9240686540109179 -0.22736658596220059 1. 0. 
7.582802553551119E-2 0. -1.4225214265823306E-19 0. 
-4.76509611719985E-3 0.6452216285206156 1. 0. 
-4.76509611719985E-3 -0.6452216285206156 -1. 0. 
-0.6438577542163342 0.6878243135768486 -1. 0. 
-0.6438577542163342 -0.6878243135768486 1. 0. 
0.8733316994608562 0.2663573590077475 -1. 0. 
0.8733316994608562 -0.2663573590077475 1. 0. 
-0.9308225128544804 0. -10.273760291034302 0. 
-0.8074572542364784 0.542672346452312 1. 0. 
-0.8074572542364784 -0.542672346452312 -1. 0. 
-0.19939277006419735 0.961926619681397 1. 0. 
-0.19939277006419735 -0.961926619681397 -1. 0. 
0.9606597449242027 0.27417337869499638 -1. 0. 
0.9606597449242027 -0.27417337869499638 1. 0. 
-7.580934391819808E-2 0.9734926043496437 1. 0. 
-7.580934391819808E-2 -0.9734926043496437 -1. 0. 
-0.938349078243369 0.26344181919590767 -1. 0. 
-0.938349078243369 -0.26344181919590767 1. 0. 
0.9830049960702024 0.13399498038555636 1. 0. 
0.9830049960702024 -0.13399498038555636 -1. 0. 
0.4729147604736574 0. -3.5677314878917757E-4 0. 
-0.3705201697718133 0.5783315484208114 -1. 0. 
-0.3705201697718133 -0.5783315484208114 1. 0. 
-0.6211438907824147 0.36219213174546158 -1. 0. 
-0.6211438907824147 -0.36219213174546158 1. 0. 
0.6148285637846236 0. 5.8353711398836719E-2 0. 
-0.15609083897810967 0.9807419130051889 1. 0. 
-0.15609083897810967 -0.9807419130051889 -1. 0. 
-0.7264950085731425 0. -0.7025120533949855 0. 
1.0099219892391259 0. -141.82211348198983 0. 
0.9424099865677293 0.2729150302908979 1. 0. 
0.9424099865677293 -0.2729150302908979 -1. 0. 
-0.13732766343476172 1.044442508246983 -1. 0. 
-0.13732766343476172 -1.044442508246983 1. 0. 
-0.7910322537133594 0.6322294510419537 1. 0. 
-0.7910322537133594 -0.6322294510419537 -1. 0. 
-0.8865960395147814 0.3556701157871678 1. 0. 
-0.8865960395147814 -0.3556701157871678 -1. 0. 
1.0484986171653786 0.18469945091107704 1. 0. 
1.0484986171653786 -0.18469945091107704 -1. 0. 
-0.339914332850691 0. -4.8153991081199377E-14 0. 
-0.7331920706109327 0.5721354238024554 -1. 0. 
-0.7331920706109327 -0.5721354238024554 1. 0. 
2.896011280754205E-2 0.808495678690174 -1. 0. 
2.896011280754205E-2 -0.808495678690174 1. 0. 
0.3722450523481418 0.8478278148181289 -1. 0. 
0.3722450523481418 -0.8478278148181289 1. 0. 
0.6589803432127168 0.678990214686446 -1. 0. 
0.6589803432127168 -0.678990214686446 1. 0. 
-0.9957480130267394 0. 1.7247510589969109E-6 0. 
-0.11605286053596137 0.9325694968410665 1. 0. 
-0.11605286053596137 -0.9325694968410665 -1. 0. 
0.993186726488881 0.2736944383202968 1. 0. 
0.993186726488881 -0.2736944383202968 -1. 0. 
-0.46526363536186646 0.8395816259718377 -1. 0. 
-0.46526363536186646 -0.8395816259718377 1. 0. 
-0.9599401204461564 0.3212772599278336 -1. 0. 
-0.9599401204461564 -0.3212772599278336 1. 0. 
1.0012678750363505 0.1498272870129053 1. 0. 
1.0012678750363505 -0.1498272870129053 -1. 0. 
3.591980900446812E-2 0. -1.1638191493008548E-27 0. 
-0.682540594247378 0.6756057090804505 -1. 0. 
-0.682540594247378 -0.6756057090804505 1. 0. 
-0.20663854282705836 0.9072002375292725 1. 0. 
-0.20663854282705836 -0.9072002375292725 -1. 0. 
0.9407279344389257 0.23463740429305936 -1. 0. 
0.9407279344389257 -0.23463740429305936 1. 0. 
-4.89177045335147E-2 0.9466112649113992 -1. 0. 
-4.89177045335147E-2 -0.9466112649113992 1. 0. 
-0.8320767798942372 0.523668002781959 -1. 0. 
-0.8320767798942372 -0.523668002781959 1. 0. 
-0.19046349015670908 0.959692732907624 -1. 0. 
-0.19046349015670908 -0.959692732907624 1. 0. 
0.9651800654410075 0.34710533514604027 1. 0. 
0.9651800654410075 -0.34710533514604027 -1. 0. 
-1.0348785267045207 0. -0.5746183291095054 0. 
-0.8883296753446627 0.30870844972937247 1. 0. 
-0.8883296753446627 -0.30870844972937247 -1. 0. 
1.0170711959736532 0.15262896449619618 1. 0. 
1.0170711959736532 -0.15262896449619618 -1. 0. 
0.19454026422411525 0.5189528911696072 1. 0. 
0.19454026422411525 -0.5189528911696072 -1. 0. 
-0.2904813458876533 0. 2.7640355103781226E-8 0. 
-0.6656374615970377 0.7222354547287819 -1. 0. 
-0.6656374615970377 -0.7222354547287819 1. 0. 
0.8710802164639592 0. 43.492932643051577 0. 
-7.232353412549632E-2 0.9689390572951827 1. 0. 
-7.232353412549632E-2 -0.9689390572951827 -1. 0. 
-0.8373266005334923 0. -4.982528811893431 0. 
-0.19022810346667236 0.9676166684142766 1. 0. 
-0.19022810346667236 -0.9676166684142766 -1. 0. 
1.0512819721356242 0. -248.96408173167795 0. 
0.8838643124125045 0.2579734953535131 1. 0. 
0.8838643124125045 -0.2579734953535131 -1. 0. 
-0.8529965498994961 0.5272550313232294 -1. 0. 
-0.8529965498994961 -0.5272550313232294 1. 0. 
0.9632263912307642 0.23585631020607138 -1. 0. 
0.9632263912307642 -0.23585631020607138 1. 0. 
-0.9372661898679002 0.25001761836902355 -1. 0. 
-0.9372661898679002 -0.25001761836902355 1. 0. 
9.578540168828537E-2 0. 2.7200928805789858E-23 0. 
-0.5963287828997428 0.655076738285244 -1. 0. 
-0.5963287828997428 -0.655076738285244 1. 0. 
-0.1856736627588482 0.8887965740013981 -1. 0. 
-0.1856736627588482 -0.8887965740013981 1. 0. 
0.49106269328575849 0.7642766102920491 -1. 0. 
0.49106269328575849 -0.7642766102920491 1. 0. 
0.2118189889854802 0.8800666218624329 -1. 0. 
0.2118189889854802 -0.8800666218624329 1. 0. 
-0.8344160954343042 0.49918800882017236 -1. 0. 
-0.8344160954343042 -0.49918800882017236 1. 0. 
-0.18726630573947512 0.9941571073049101 1. 0. 
-0.18726630573947512 -0.9941571073049101 -1. 0. 
0.9064452798048165 0. -2.049295715239794E-5 0. 
0.7867134535554808 0.49671989338631286 1. 0. 
0.7867134535554808 -0.49671989338631286 -1. 0. 
-0.9047535964012619 0.2150163991290439 -1. 0. 
-0.9047535964012619 -0.2150163991290439 1. 0. 
0.9505246666603616 0.21375542235690193 1. 0. 
0.9505246666603616 -0.21375542235690193 -1. 0. 
0.6769950221306992 0.40838492494853409 -1. 0. 
0.6769950221306992 -0.40838492494853409 1. 0. 
-0.23825487606096108 0.8446245874807494 1. 0. 
-0.23825487606096108 -0.8446245874807494 -1. 0. 
-0.19106197028197328 0.9540000408011397 1. 0. 
-0.19106197028197328 -0.9540000408011397 -1. 0. 
0.9956842934724003 0. 37.38079313608645 0. 
-6.422251719604674E-2 0.9910430108367723 -1. 0. 
-6.422251719604674E-2 -0.9910430108367723 1. 0. 
-0.9319373199930645 0. 3.8978545168728848 0. 
-0.7192163952457817 0.6792691187942466 1. 0. 
-0.7192163952457817 -0.6792691187942466 -1. 0. 
0.9382414980454334 0.27778579212190349 -1. 0. 
0.9382414980454334 -0.27778579212190349 1. 0. 
-0.836645881213865 0.5255870533797247 1. 0. 
-0.836645881213865 -0.5255870533797247 -1. 0. 
0.9751702522851282 0.18683977242124343 -1. 0. 
0.9751702522851282 -0.18683977242124343 1. 0. 
-0.9667353192023008 0.26154178209844339 1. 0. 
-0.9667353192023008 -0.26154178209844339 -1. 0. 
1.6317835973047466E-2 0.7747827879312897 1. 0. 
1.6317835973047466E-2 -0.7747827879312897 -1. 0. 
-0.7601438865228555 0.23957504342816117 1. 0. 
-0.7601438865228555 -0.23957504342816117 -1. 0. 
-0.4736582979497671 0.8690896662704106 1. 0. 
-0.4736582979497671 -0.8690896662704106 -1. 0. 
0.9605523516192254 0.2816115775387124 -1. 0. 
0.9605523516192254 -0.2816115775387124 1. 0. 
-0.15405534741137573 1.0062038371351375 -1. 0. 
-0.15405534741137573 -1.0062038371351375 1. 0. 
-0.7739262774944817 0.5877087780972083 1. 0. 
-0.7739262774944817 -0.5877087780972083 -1. 0. 
-5.89532254116948E-2 1.0627789045127969 1. 0. 
-5.89532254116948E-2 -1.0627789045127969 -1. 0. 
0.9848017090202716 0.13295745846034519 -1. 0. 
0.9848017090202716 -0.13295745846034519 1. 0. 
-0.9146285642930292 0.20699050389538696 -1. 0. 
-0.9146285642930292 -0.20699050389538696 1. 0. 
1.0257553524706596 0.4364639111059948 1. 0. 
1.0257553524706596 -0.4364639111059948 -1. 0. 
0.40267441941606316 0. -5.218205157599957E-6 0. 
-0.15202998338449734 0.7281011376386373 -1. 0. 
-0.15202998338449734 -0.7281011376386373 1. 0. 
-0.6911480476861601 0.5622746224378586 -1. 0. 
-0.6911480476861601 -0.5622746224378586 1. 0. 
0.9210496881218937 0.1786621268204449 -1. 0. 
0.9210496881218937 -0.1786621268204449 1. 0. 
-0.11223571983217302 0.9882267008103597 1. 0. 
-0.11223571983217302 -0.9882267008103597 -1. 0. 
-0.8962640928772777 0.33565101812105849 1. 0. 
-0.8962640928772777 -0.33565101812105849 -1. 0. 
-0.19636769321565787 1.0200890056722652 -1. 0. 
-0.19636769321565787 -1.0200890056722652 1. 0. 
0.9172028991529118 0.3408794031981998 1. 0. 
0.9172028991529118 -0.3408794031981998 -1. 0. 
-0.8539539141254576 0.6611602850422713 1. 0. 
-0.8539539141254576 -0.6611602850422713 -1. 0. 
-0.9605422476934706 0. -8.887159683563742 0. 
1.042541727985122 0.1609705223733603 1. 0. 
1.042541727985122 -0.1609705223733603 -1. 0. 
-0.14513084809512587 0.4699994702797852 1. 0. 
-0.14513084809512587 -0.4699994702797852 -1. 0. 
-0.4214536621119065 0. 6.320325309394162E-5 0. 
-0.5992257077872454 0.6333362768234198 1. 0. 
-0.5992257077872454 -0.6333362768234198 -1. 0. 
0.9395480631392885 0.2322285159841953 -1. 0. 
0.9395480631392885 -0.2322285159841953 1. 0. 
-0.18709005510527766 0.9690365275464337 -1. 0. 
-0.18709005510527766 -0.9690365275464337 1. 0. 
-0.7531218230429402 0. -1.7737207111069134 0. 
-9.641362767081105E-2 0.9802049372204302 1. 0. 
-9.641362767081105E-2 -0.9802049372204302 -1. 0. 
0.9431150985873226 0.2977674870893874 1. 0. 
0.9431150985873226 -0.2977674870893874 -1. 0. 
-0.7905635651264575 0.5824907022508475 1. 0. 
-0.7905635651264575 -0.5824907022508475 -1. 0. 
1.0010586191098383 0.15662093166145825 1. 0. 
1.0010586191098383 -0.15662093166145825 -1. 0. 
-0.9455157844741086 0.22530103867021673 -1. 0. 
-0.9455157844741086 -0.22530103867021673 1. 0. 
0.15519660140350304 9.938625854406039E-2 -1. 0. 
0.15519660140350304 -9.938625854406039E-2 1. 0. 
-0.9377665654463988 0.17616219739084788 -1. 0. 
-0.9377665654463988 -0.17616219739084788 1. 0. 
-0.14610173693466597 0.9617102999091632 -1. 0. 
-0.14610173693466597 -0.9617102999091632 1. 0. 
0.7685549791073653 0.2250305738011803 -1. 0. 
0.7685549791073653 -0.2250305738011803 1. 0. 
-6.393317615944791E-2 0.9902443058914966 1. 0. 
-6.393317615944791E-2 -0.9902443058914966 -1. 0. 
-0.7588761208503645 0.5364555609548258 1. 0. 
-0.7588761208503645 -0.5364555609548258 -1. 0. 
-0.2858277329774096 0.9488106998485422 -1. 0. 
-0.2858277329774096 -0.9488106998485422 1. 0. 
0.9313558624438608 0.2328649109574683 1. 0. 
0.9313558624438608 -0.2328649109574683 -1. 0. 
-0.8003973322095984 0.35896102312356195 1. 0. 
-0.8003973322095984 -0.35896102312356195 -1. 0. 
1.110505916623156 0.17176356267103316 1. 0. 
1.110505916623156 -0.17176356267103316 -1. 0. 
0.4576359523599774 0.7491506212425396 -1. 0. 
0.4576359523599774 -0.7491506212425396 1. 0. 
-0.6383319722898871 0.6435012181024945 -1. 0. 
-0.6383319722898871 -0.6435012181024945 1. 0. 
-0.3985932302680868 0.8343796096837856 -1. 0. 
-0.3985932302680868 -0.8343796096837856 1. 0. 
0.6263073306366485 3.847263877804655E-2 -1. 0. 
0.6263073306366485 -3.847263877804655E-2 1. 0. 
-0.9405444098943988 0. -2.2284246974965173E-7 0. 
-0.822411191544236 0. 5.2349531615570796E-8 0. 
0.21244484689513053 0.8574189287931983 -1. 0. 
0.21244484689513053 -0.8574189287931983 1. 0. 
0.6792741073876711 0.5660814258054184 -1. 0. 
0.6792741073876711 -0.5660814258054184 1. 0. 
-5.4871067848449587E-2 0.9834294762803404 -1. 0. 
-5.4871067848449587E-2 -0.9834294762803404 1. 0. 
-0.8359506795182068 0.43843474227007758 -1. 0. 
-0.8359506795182068 -0.43843474227007758 1. 0. 
0.9515736633645202 0.20879044776877729 1. 0. 
0.9515736633645202 -0.20879044776877729 -1. 0. 
0.18007425945685874 0.6457713844629421 1. 0. 
0.18007425945685874 -0.6457713844629421 -1. 0. 
-0.5329544026653759 0.6751345740020633 1. 0. 
-0.5329544026653759 -0.6751345740020633 -1. 0. 
-0.2118252715599428 0.9752408922965745 1. 0. 
-0.2118252715599428 -0.9752408922965745 -1. 0. 
0.9258572549706459 0.14455877869198228 -1. 0. 
0.9258572549706459 -0.14455877869198228 1. 0. 
-9.249578670650705E-2 0.9715848554927025 1. 0. 
-9.249578670650705E-2 -0.9715848554927025 -1. 0. 
-0.8530984415982765 0.36651534048106929 1. 0. 
-0.8530984415982765 -0.36651534048106929 -1. 0. 
-0.7515125997218152 0.5948150724287832 1. 0. 
-0.7515125997218152 -0.5948150724287832 -1. 0. 
0.9080499393806493 0.3327501779777505 1. 0. 
0.9080499393806493 -0.3327501779777505 -1. 0. 
-0.9261612681232464 0.18242369092206074 -1. 0. 
-0.9261612681232464 -0.18242369092206074 1. 0. 
0.9817430665670099 0.17413754138523569 1. 0. 
0.9817430665670099 -0.17413754138523569 -1. 0. 
0.26422298723016737 0.7818283888115587 1. 0. 
0.26422298723016737 -0.7818283888115587 -1. 0. 
-0.72161251767143 0.20934848317851816 1. 0. 
-0.72161251767143 -0.20934848317851816 -1. 0. 
-0.5304405560899762 0.7408624120075815 1. 0. 
-0.5304405560899762 -0.7408624120075815 -1. 0. 
0.908115536845622 0.3331001061510478 1. 0. 
0.908115536845622 -0.3331001061510478 -1. 0. 
-2.9508307407194773E-2 0.9984394105345441 1. 0. 
-2.9508307407194773E-2 -0.9984394105345441 -1. 0. 
-0.7796275570752771 0.5796006128011091 1. 0. 
-0.7796275570752771 -0.5796006128011091 -1. 0. 
-0.18420027249363903 0.9763815516102997 1. 0. 
-0.18420027249363903 -0.9763815516102997 -1. 0. 
0.9835156868240318 0.12520841136137168 -1. 0. 
0.9835156868240318 -0.12520841136137168 1. 0. 
-0.9450129856788659 0.22490795883959484 -1. 0. 
-0.9450129856788659 -0.22490795883959484 1. 0. 
0.9855498905165617 0.28274128380657417 -1. 0. 
0.9855498905165617 -0.28274128380657417 1. 0. 
0.38056819577327319 0. -1.9279260547355569E-6 0. 
-0.7117739493119035 0.5427706201470323 -1. 0. 
-0.7117739493119035 -0.5427706201470323 1. 0. 
-0.20041815555966722 0.9653850716048352 -1. 0. 
-0.20041815555966722 -0.9653850716048352 1. 0. 
0.8655849056766041 0.26927923163233477 -1. 0. 
0.8655849056766041 -0.26927923163233477 1. 0. 
-4.4120093302711379E-2 0.9844126119463265 -1. 0. 
-4.4120093302711379E-2 -0.9844126119463265 1. 0. 
-0.823694841583306 0. -2.153375163482669 0. 
-0.3066746129855763 0.9844201253293667 1. 0. 
-0.3066746129855763 -0.9844201253293667 -1. 0. 
0.9479844495298118 0.2951512673128366 1. 0. 
0.9479844495298118 -0.2951512673128366 -1. 0. 
-0.8556957369582694 0.688898919331975 1. 0. 
-0.8556957369582694 -0.688898919331975 -1. 0. 
1.0134072760467077 0.17805514765453274 1. 0. 
1.0134072760467077 -0.17805514765453274 -1. 0. 
-0.9887422602299794 0.2989902813946359 -1. 0. 
-0.9887422602299794 -0.2989902813946359 1. 0. 
0.6988426683821003 0.3614464246911708 1. 0. 
0.6988426683821003 -0.3614464246911708 -1. 0. 
-0.7612564501460211 0. -8.463623548922487E-2 0. 
-9.741566601337584E-2 0.9631523614328392 1. 0. 
-9.741566601337584E-2 -0.9631523614328392 -1. 0. 
1.0344648544776854 0. -10.370874476318074 0. 
-0.1495286668528642 0.993530136961361 -1. 0. 
-0.1495286668528642 -0.993530136961361 1. 0. 
-0.8137995147962657 0.4130257574780724 -1. 0. 
-0.8137995147962657 -0.4130257574780724 1. 0. 
-0.36512144826464945 0.9536472712485755 -1. 0. 
-0.36512144826464945 -0.9536472712485755 1. 0. 
0.9302228504986442 0.25211914800616527 1. 0. 
0.9302228504986442 -0.25211914800616527 -1. 0. 
-0.754015437762587 0.6623351218139257 -1. 0. 
-0.754015437762587 -0.6623351218139257 1. 0. 
0.9595460630948383 0.2173475329322112 -1. 0. 
0.9595460630948383 -0.2173475329322112 1. 0. 
-0.9277079004516726 0.24710641528548447 -1. 0. 
-0.9277079004516726 -0.24710641528548447 1. 0. 
0.7647777774276837 0.5430196290753901 1. 0. 
0.7647777774276837 -0.5430196290753901 -1. 0. 
-0.6681390967483347 0. -0.16907991497718348 0. 
-7.480865259681764E-2 0.9710819210692763 1. 0. 
-7.480865259681764E-2 -0.9710819210692763 -1. 0. 
1.029355136548231 0. -251.6506107775428 0. 
-0.21105097217464342 0.8460938951871593 -1. 0. 
-0.21105097217464342 -0.8460938951871593 1. 0. 
-0.6455352352430137 0.591305659498026 -1. 0. 
-0.6455352352430137 -0.591305659498026 1. 0. 
-0.18541894398534998 0.9439791874502236 1. 0. 
-0.18541894398534998 -0.9439791874502236 -1. 0. 
0.8796143322258155 0.14489868670911264 1. 0. 
0.8796143322258155 -0.14489868670911264 -1. 0. 
-0.8314980691289332 0.5093366360795965 -1. 0. 
-0.8314980691289332 -0.5093366360795965 1. 0. 
0.9524094912443377 0.25243475796362399 -1. 0. 
0.9524094912443377 -0.25243475796362399 1. 0. 
-0.9263185976690272 0.21662461825120514 -1. 0. 
-0.9263185976690272 -0.21662461825120514 1. 0. 
0.3284786110835472 0. -5.615070156968571E-8 0. 
-0.16950287000260423 0.8991690126345352 -1. 0. 
-0.16950287000260423 -0.8991690126345352 1. 0. 
0.9137794334770976 0.2236710757368655 -1. 0. 
0.9137794334770976 -0.2236710757368655 1. 0. 
-6.99484857153343E-2 0.992052762272265 1. 0. 
-6.99484857153343E-2 -0.992052762272265 -1. 0. 
-0.7465744968643862 0.499404122597354 -1. 0. 
-0.7465744968643862 -0.499404122597354 1. 0. 
-1.098931949232327 0. -43.54073337812059 0. 
0.9205990872894555 0.3390672719282859 1. 0. 
0.9205990872894555 -0.3390672719282859 -1. 0. 
-0.2383333514786177 1.0451457185171623 1. 0. 
-0.2383333514786177 -1.0451457185171623 -1. 0. 
-0.8938672371589563 0.21099865876628286 -1. 0. 
-0.8938672371589563 -0.21099865876628286 1. 0. 
1.0043129782949354 0.17420512136329747 1. 0. 
1.0043129782949354 -0.17420512136329747 -1. 0. 
-0.8863423887671996 0.660665984923051 1. 0. 
-0.8863423887671996 -0.660665984923051 -1. 0. 
0.40930664717137818 0. -2.691056585649474E-6 0. 
-0.25764487975604258 0.7194832081346292 -1. 0. 
-0.25764487975604258 -0.7194832081346292 1. 0. 
-0.6296213235063033 0.6220225129225997 -1. 0. 
-0.6296213235063033 -0.6220225129225997 1. 0. 
0.8815897512220177 0.27907329029835367 -1. 0. 
0.8815897512220177 -0.27907329029835367 1. 0. 
-5.828988280265298E-2 0.9758018894800202 1. 0. 
-5.828988280265298E-2 -0.9758018894800202 -1. 0. 
-0.8454007881153812 0. -1.1123687863721664 0. 
-0.1874181667831621 0.9726836309718316 -1. 0. 
-0.1874181667831621 -0.9726836309718316 1. 0. 
0.9377945448788714 0.30733578469193259 1. 0. 
0.9377945448788714 -0.30733578469193259 -1. 0. 
-0.8159624616214731 0.5628539663213622 1. 0. 
-0.8159624616214731 -0.5628539663213622 -1. 0. 
0.9940076238074103 0.1588148833809992 1. 0. 
0.9940076238074103 -0.1588148833809992 -1. 0. 
-0.9717063849666636 0.2624404082896823 -1. 0. 
-0.9717063849666636 -0.2624404082896823 1. 0. 
0.9941101439187987 0. -276.11034053849706 0. 
-0.6492858759334286 0.5734103644704798 -1. 0. 
-0.6492858759334286 -0.5734103644704798 1. 0. 
-0.2086647574716907 0.9380758943049835 1. 0. 
-0.2086647574716907 -0.9380758943049835 -1. 0. 
0.8425118278238685 0.175095838284468 1. 0. 
0.8425118278238685 -0.175095838284468 -1. 0. 
-0.1336157053656438 0.8734859597926848 -1. 0. 
-0.1336157053656438 -0.8734859597926848 1. 0. 
-0.6879353842565679 0. -0.4091896907029973 0. 
-9.189368441419577E-2 0.9835688757712774 1. 0. 
-9.189368441419577E-2 -0.9835688757712774 -1. 0. 
0.8447451082261289 0.4912623190499089 -1. 0. 
0.8447451082261289 -0.4912623190499089 1. 0. 
-0.8362073751432304 0.4996852668529765 -1. 0. 
-0.8362073751432304 -0.4996852668529765 1. 0. 
0.9468487015329505 0.2419613646350407 -1. 0. 
0.9468487015329505 -0.2419613646350407 1. 0. 
-0.9148471840858741 0.20062658018713598 -1. 0. 
-0.9148471840858741 -0.20062658018713598 1. 0. 
0.2666931739045036 0.4292393656635748 1. 0. 
0.2666931739045036 -0.4292393656635748 -1. 0. 
-0.8480853963845338 0.43847491956370929 -1. 0. 
-0.8480853963845338 -0.43847491956370929 1. 0. 
-0.24138419578973187 1.0055020444476469 1. 0. 
-0.24138419578973187 -1.0055020444476469 -1. 0. 
0.9365664748087609 0.21902729838077793 1. 0. 
0.9365664748087609 -0.21902729838077793 -1. 0. 
-0.10302778076234924 0.9879870872355654 -1. 0. 
-0.10302778076234924 -0.9879870872355654 1. 0. 
-0.9492413705329674 0.15248999864871019 -1. 0. 
-0.9492413705329674 -0.15248999864871019 1. 0. 
-0.4864917133566279 0.9856768977965794 1. 0. 
-0.4864917133566279 -0.9856768977965794 -1. 0. 
0.9758791596289211 0.13017080903382795 1. 0. 
0.9758791596289211 -0.13017080903382795 -1. 0. 
0.9701069597833382 0.30722775988558839 -1. 0. 
0.9701069597833382 -0.30722775988558839 1. 0. 
-0.9658545112993134 0.7460000358516902 -1. 0. 
-0.9658545112993134 -0.7460000358516902 1. 0. 
-0.16448196689439313 0.6196603526027043 1. 0. 
-0.16448196689439313 -0.6196603526027043 -1. 0. 
-0.6046234101836909 0.14056282154364203 1. 0. 
-0.6046234101836909 -0.14056282154364203 -1. 0. 
-0.467332163379424 0.7309244229917079 1. 0. 
-0.467332163379424 -0.7309244229917079 -1. 0. 
0.9328286654501967 0.23881375125554595 -1. 0. 
0.9328286654501967 -0.23881375125554595 1. 0. 
-8.668024252507409E-2 1.006615187507027 1. 0. 
-8.668024252507409E-2 -1.006615187507027 -1. 0. 
-0.8269153671037069 0.5979662728255298 1. 0. 
-0.8269153671037069 -0.5979662728255298 -1. 0. 
-0.18686340136094349 0.9809337115980343 -1. 0. 
-0.18686340136094349 -0.9809337115980343 1. 0. 
0.9031639177652352 0.3826655127634239 1. 0. 
0.9031639177652352 -0.3826655127634239 -1. 0. 
-0.9861356522137269 0.26305604156702436 -1. 0. 
-0.9861356522137269 -0.26305604156702436 1. 0. 
0.9930132704455275 0.18333316038012766 1. 0. 
0.9930132704455275 -0.18333316038012766 -1. 0. 
-0.3915574112200053 0. 2.231098674094518E-6 0. 
-0.6559248697263147 0.692389017761534 -1. 0. 
-0.6559248697263147 -0.692389017761534 1. 0. 
-3.749824038660454E-2 0.9825518235074758 1. 0. 
-3.749824038660454E-2 -0.9825518235074758 -1. 0. 
0.7192409971592267 0. 0.11737559378150465 0. 
0.10395654062320246 0.7742402188301594 1. 0. 
0.10395654062320246 -0.7742402188301594 -1. 0. 
-0.7452034145404811 0. -0.3213822396005996 0. 
-0.18193482850900814 0.9474210443983975 1. 0. 
-0.18193482850900814 -0.9474210443983975 -1. 0. 
0.9159554219187042 0.17956536146431432 -1. 0. 
0.9159554219187042 -0.17956536146431432 1. 0. 
1.233385851485592 0. -24.637048586734566 0. 
-0.9185614787844234 0.2267848831780444 -1. 0. 
-0.9185614787844234 -0.2267848831780444 1. 0. 
0.9357519844438561 0.2652163676483732 1. 0. 
0.9357519844438561 -0.2652163676483732 -1. 0. 
-0.8705005910215783 0.534975842562876 -1. 0. 
-0.8705005910215783 -0.534975842562876 1. 0. 
0.710069668475225 0. -0.42895367226464778 0. 
-0.5799124059235401 0.5846188980569861 -1. 0. 
-0.5799124059235401 -0.5846188980569861 1. 0. 
-0.17000112741221225 0.9273747188842142 -1. 0. 
-0.17000112741221225 -0.9273747188842142 1. 0. 
0.699065541496092 0.29956708936842466 1. 0. 
0.699065541496092 -0.29956708936842466 -1. 0. 
-7.150183057662393E-2 0.9467686448051709 1. 0. 
-7.150183057662393E-2 -0.9467686448051709 -1. 0. 
-0.8866826606024761 0.2721423357079787 1. 0. 
-0.8866826606024761 -0.2721423357079787 -1. 0. 
-0.30617903310318209 0.9570725808690966 1. 0. 
-0.30617903310318209 -0.9570725808690966 -1. 0. 
0.9326367372702971 0.25753288622719908 1. 0. 
0.9326367372702971 -0.25753288622719908 -1. 0. 
-0.804639761933586 0.47543365761422237 -1. 0. 
-0.804639761933586 -0.47543365761422237 1. 0. 
-1.033459714453296 0. -16.45684983885938 0. 
1.066326363774267 0.16376592690867898 1. 0. 
1.066326363774267 -0.16376592690867898 -1. 0. 
2.7125376138548753E-2 0.7358834977582078 -1. 0. 
2.7125376138548753E-2 -0.7358834977582078 1. 0. 
-0.650880075938849 0. -3.2111718345483586E-3 0. 
-0.587682847024355 0.6926973437180093 -1. 0. 
-0.587682847024355 -0.6926973437180093 1. 0. 
0.9404870129502053 0.21851023610320159 1. 0. 
0.9404870129502053 -0.21851023610320159 -1. 0. 
-0.13409345005148186 0.971355635678104 -1. 0. 
-0.13409345005148186 -0.971355635678104 1. 0. 
-0.7652946348731102 0.5429823922121098 -1. 0. 
-0.7652946348731102 -0.5429823922121098 1. 0. 
-0.15870395106646699 0.9544893981847219 -1. 0. 
-0.15870395106646699 -0.9544893981847219 1. 0. 
0.9316188934572124 0.35851074728897366 -1. 0. 
0.9316188934572124 -0.35851074728897366 1. 0. 
-1.0029789593693879 0. 0.9128692851669578 0. 
-0.8625240167095533 0.3312351714650007 -1. 0. 
-0.8625240167095533 -0.3312351714650007 1. 0. 
1.0050573848331195 0.18352353196093208 -1. 0. 
1.0050573848331195 -0.18352353196093208 1. 0. 
0.20852270127338005 0. -2.2752209793445918E-11 0. 
-0.25476159273866097 0. -1.4764057151151205E-9 0. 
-0.21959578596037233 0.7760547468207502 -1. 0. 
-0.21959578596037233 -0.7760547468207502 1. 0. 
0.8606411301813504 0.28900872025351739 -1. 0. 
0.8606411301813504 -0.28900872025351739 1. 0. 
-4.176942291202899E-2 0.9653451356891831 1. 0. 
-4.176942291202899E-2 -0.9653451356891831 -1. 0. 
-0.7227939119625921 0.4996826076645309 -1. 0. 
-0.7227939119625921 -0.4996826076645309 1. 0. 
-0.19367087205672837 0.9592416006761257 1. 0. 
-0.19367087205672837 -0.9592416006761257 -1. 0. 
0.9857446717270262 0.2690245717614136 -1. 0. 
0.9857446717270262 -0.2690245717614136 1. 0. 
-0.8547210760641739 0.5347553238941909 -1. 0. 
-0.8547210760641739 -0.5347553238941909 1. 0. 
1.0058405111842408 0.1364754897834169 1. 0. 
1.0058405111842408 -0.1364754897834169 -1. 0. 
-0.9186213984040811 0.20411961035157867 -1. 0. 
-0.9186213984040811 -0.20411961035157867 1. 0. 
0.39315306859264617 0. -1.7687248067863836E-6 0. 
-0.7547605927102592 0.5476535029557182 -1. 0. 
-0.7547605927102592 -0.5476535029557182 1. 0. 
-0.14158955311771818 0.9250716827294676 -1. 0. 
-0.14158955311771818 -0.9250716827294676 1. 0. 
0.919025659843008 0.19604394487194019 -1. 0. 
0.919025659843008 -0.19604394487194019 1. 0. 
-6.554760736028397E-2 0.9828192008510625 1. 0. 
-6.554760736028397E-2 -0.9828192008510625 -1. 0. 
-0.8628570687556543 0. -2.011685156819856 0. 
-0.261735258895818 0.9784012270021468 1. 0. 
-0.261735258895818 -0.9784012270021468 -1. 0. 
0.8934382474999971 0.33947654811948049 1. 0. 
0.8934382474999971 -0.33947654811948049 -1. 0. 
-0.9223802665742757 0.2925140738432815 -1. 0. 
-0.9223802665742757 -0.2925140738432815 1. 0. 
1.019865969469043 0.17869048225981416 1. 0. 
1.019865969469043 -0.17869048225981416 -1. 0. 
-0.883246398072189 0.7222237473258066 1. 0. 
-0.883246398072189 -0.7222237473258066 -1. 0. 
0.3597954152932795 0.6991433000571872 1. 0. 
0.3597954152932795 -0.6991433000571872 -1. 0. 
-0.34328574907367367 0.8040789118095846 -1. 0. 
-0.34328574907367367 -0.8040789118095846 1. 0. 
-0.6294944021395896 0. 2.1361438786589735E-6 0. 
0.8902917219799456 0.5792191211763508 -1. 0. 
0.8902917219799456 -0.5792191211763508 1. 0. 
0.1678800409629864 1.0193813234546423 1. 0. 
0.1678800409629864 -1.0193813234546423 -1. 0. 
-0.7674140296994002 0.5324426306427516 1. 0. 
-0.7674140296994002 -0.5324426306427516 -1. 0. 
-0.12468112135389778 0.9734462858064816 1. 0. 
-0.12468112135389778 -0.9734462858064816 -1. 0. 
-1.4464669281652152 0. -7.274188209882222E-3 0. 
-0.903927936192612 0.23908668450002985 1. 0. 
-0.903927936192612 -0.23908668450002985 -1. 0. 
0.9861029519251673 0.2082510933866121 -1. 0. 
0.9861029519251673 -0.2082510933866121 1. 0. 
1.1807199213106075 0.14745928086960342 1. 0. 
1.1807199213106075 -0.14745928086960342 -1. 0. 
0.2781097612123334 0. -2.0910197397816904E-9 0. 
-0.8923946775802478 0. -5.699766250455513 0. 
-0.17332200681929223 0.8206450474478269 -1. 0. 
-0.17332200681929223 -0.8206450474478269 1. 0. 
0.9192693753710538 0.23668671364244865 -1. 0. 
0.9192693753710538 -0.23668671364244865 1. 0. 
-8.534411970437134E-2 1.004064047425169 1. 0. 
-8.534411970437134E-2 -1.004064047425169 -1. 0. 
-0.7081232648869322 0.5332539677330979 -1. 0. 
-0.7081232648869322 -0.5332539677330979 1. 0. 
-0.22498530006179605 1.0036715193473645 1. 0. 
-0.22498530006179605 -1.0036715193473645 -1. 0. 
0.957021059925209 0.3994055148490507 1. 0. 
0.957021059925209 -0.3994055148490507 -1. 0. 
-0.8574457543688288 0.6269622567083244 1. 0. 
-0.8574457543688288 -0.6269622567083244 -1. 0. 
1.0249568389234252 0.1505610457264321 1. 0. 
1.0249568389234252 -0.1505610457264321 -1. 0. 
-1.01751652019451 0.24351930942172854 -1. 0. 
-1.01751652019451 -0.24351930942172854 1. 0. 
-0.2596735306779005 0. -2.348665418284488E-9 0. 
-0.8752853317419486 0.4717163136790806 -1. 0. 
-0.8752853317419486 -0.4717163136790806 1. 0. 
0.5356420792188327 0. -3.953565590882073E-3 0. 
0.8459963544196765 0.3032872212655197 -1. 0. 
0.8459963544196765 -0.3032872212655197 1. 0. 
-0.17382672016162035 0.9712225513756396 -1. 0. 
-0.17382672016162035 -0.9712225513756396 1. 0. 
-0.7677486480120283 0.6565101482742064 -1. 0. 
-0.7677486480120283 -0.6565101482742064 1. 0. 
-0.36533944447191749 0.8491402371217837 -1. 0. 
-0.36533944447191749 -0.8491402371217837 1. 0. 
0.9665430617622042 8.138199375335569E-2 -1. 0. 
0.9665430617622042 -8.138199375335569E-2 1. 0. 
-3.421374065398166E-2 0.9693244453339014 1. 0. 
-3.421374065398166E-2 -0.9693244453339014 -1. 0. 
-0.9828033392933963 0.2160477695672774 -1. 0. 
-0.9828033392933963 -0.2160477695672774 1. 0. 
0.9642318838825459 0.2610403590166123 -1. 0. 
0.9642318838825459 -0.2610403590166123 1. 0. 
8.574357529397885E-2 0. -6.0190027865865009E-19 0. 
-0.7478403985534518 0.42825021623581929 -1. 0. 
-0.7478403985534518 -0.42825021623581929 1. 0. 
-0.2356862433239646 0.9243233895023186 1. 0. 
-0.2356862433239646 -0.9243233895023186 -1. 0. 
0.9318619327056426 0.21893887554993439 -1. 0. 
0.9318619327056426 -0.21893887554993439 1. 0. 
-5.3331186272247577E-2 0.9676770251984557 1. 0. 
-5.3331186272247577E-2 -0.9676770251984557 -1. 0. 
-0.8026843882121788 0. -1.5621229956007499 0. 
-0.16060142587962646 0.9536976118397845 -1. 0. 
-0.16060142587962646 -0.9536976118397845 1. 0. 
0.9536849551754686 0.35998107881109767 1. 0. 
0.9536849551754686 -0.35998107881109767 -1. 0. 
-0.8083665769620028 0.6903259872259089 -1. 0. 
-0.8083665769620028 -0.6903259872259089 1. 0. 
1.0079629036706735 0.17022247116880385 1. 0. 
1.0079629036706735 -0.17022247116880385 -1. 0. 
-1.0057185041013917 0.28590271014195398 -1. 0. 
-1.0057185041013917 -0.28590271014195398 1. 0. 
-0.18860816149902505 0. 3.881663626469209E-11 0. 
-4.162643372256584E-2 0.4947857761604995 1. 0. 
-4.162643372256584E-2 -0.4947857761604995 -1. 0. 
-0.6238463616182794 0.6611970161856262 -1. 0. 
-0.6238463616182794 -0.6611970161856262 1. 0. 
0.8621641615712399 0.3224576167985626 -1. 0. 
0.8621641615712399 -0.3224576167985626 1. 0. 
-6.1464038567045919E-2 0.9715386499526824 1. 0. 
-6.1464038567045919E-2 -0.9715386499526824 -1. 0. 
-0.7642145751940481 0. -6.584822203255847 0. 
-0.18721801625631585 0.9802611584690054 -1. 0. 
-0.18721801625631585 -0.9802611584690054 1. 0. 
0.9565416581151651 3.6015866425914869E-2 -1. 0. 
0.9565416581151651 -3.6015866425914869E-2 1. 0. 
-0.7991891994276782 0.5151189647391657 -1. 0. 
-0.7991891994276782 -0.5151189647391657 1. 0. 
0.9768847176283123 0.2375477905385476 -1. 0. 
0.9768847176283123 -0.2375477905385476 1. 0. 
-0.9080779193762955 0.19303841931235703 -1. 0. 
-0.9080779193762955 -0.19303841931235703 1. 0. 
-9.800644282743883E-2 0. -1.2864485783926883E-18 0. 
-0.37697749952410877 0.8818903678658749 -1. 0. 
-0.37697749952410877 -0.8818903678658749 1. 0. 
0.7052653005395684 0.6720191652161848 1. 0. 
0.7052653005395684 -0.6720191652161848 -1. 0. 
-3.677006496868823E-2 1.0092995087789485 1. 0. 
-3.677006496868823E-2 -1.0092995087789485 -1. 0. 
-0.752140833668083 0.5647150362011617 1. 0. 
-0.752140833668083 -0.5647150362011617 -1. 0. 
-0.1680901377108096 0.976999670436366 -1. 0. 
-0.1680901377108096 -0.976999670436366 1. 0. 
1.1544840338606628 0. -21.616433702177415 0. 
0.9567974830587736 0.16004889916880897 1. 0. 
0.9567974830587736 -0.16004889916880897 -1. 0. 
-1.0011179982543557 0.17679026431342508 -1. 0. 
-1.0011179982543557 -0.17679026431342508 1. 0. 
0.9507836040619427 0.2918835907819101 1. 0. 
0.9507836040619427 -0.2918835907819101 -1. 0. 
-0.9905778490508512 0.3466787357100734 1. 0. 
-0.9905778490508512 -0.3466787357100734 -1. 0. 
0.6710338858461198 0.41031126605084547 1. 0. 
0.6710338858461198 -0.41031126605084547 -1. 0. 
-0.6412652324848075 0.6617785750523573 -1. 0. 
-0.6412652324848075 -0.6617785750523573 1. 0. 
-5.157353949100869E-2 0.9026796742499391 -1. 0. 
-5.157353949100869E-2 -0.9026796742499391 1. 0. 
0.9937524410945035 0. -97.28730952298494 0. 
-1.0167789151531715 0. -14.534018218292639 0. 
-0.8067585737930417 0.5514897361090835 1. 0. 
-0.8067585737930417 -0.5514897361090835 -1. 0. 
-0.24300566773420816 0.9154397012957023 1. 0. 
-0.24300566773420816 -0.9154397012957023 -1. 0. 
0.9607217852940428 0.17484501431292744 1. 0. 
0.9607217852940428 -0.17484501431292744 -1. 0. 
-0.11575570270514324 1.0000333561745454 -1. 0. 
-0.11575570270514324 -1.0000333561745454 1. 0. 
-0.9861412942653791 0.2758935444690669 -1. 0. 
-0.9861412942653791 -0.2758935444690669 1. 0. 
0.9418217763627598 0.2833223350352488 1. 0. 
0.9418217763627598 -0.2833223350352488 -1. 0. 
0.7849592260306986 0.5536412472426846 1. 0. 
0.7849592260306986 -0.5536412472426846 -1. 0. 
-0.6762625219460458 0.47641624803983709 -1. 0. 
-0.6762625219460458 -0.47641624803983709 1. 0. 
-0.32485201203255789 0.9496782256455072 -1. 0. 
-0.32485201203255789 -0.9496782256455072 1. 0. 
0.9258724901621912 0. -36.95475077019647 0. 
-7.953353245417545E-2 1.003893062214536 1. 0. 
-7.953353245417545E-2 -1.003893062214536 -1. 0. 
-0.999425577334709 0. -19.683610497689008 0. 
-0.2034732853877223 0.9926514745333218 -1. 0. 
-0.2034732853877223 -0.9926514745333218 1. 0. 
0.9824129433871052 0.28131724415167816 -1. 0. 
0.9824129433871052 -0.28131724415167816 1. 0. 
-0.8777973484083096 0.30665129271776078 1. 0. 
-0.8777973484083096 -0.30665129271776078 -1. 0. 
1.0079468804992767 0.20177756846186688 1. 0. 
1.0079468804992767 -0.20177756846186688 -1. 0. 
-0.9503474561020104 0.719402993628013 1. 0. 
-0.9503474561020104 -0.719402993628013 -1. 0. 
0.6895483377903933 0. -8.583793804990964E-2 0. 
-0.8882274057917219 0. -2.310786888261866 0. 
-0.17322998124008824 0.8462078724650007 -1. 0. 
-0.17322998124008824 -0.8462078724650007 1. 0. 
0.8542150973474648 0.29553948348593175 -1. 0. 
0.8542150973474648 -0.29553948348593175 1. 0. 
-7.897781581880209E-2 0.9770117405503425 1. 0. 
-7.897781581880209E-2 -0.9770117405503425 -1. 0. 
-0.6786459931904466 0.6298567918949409 -1. 0. 
-0.6786459931904466 -0.6298567918949409 1. 0. 
-0.22438147206147852 0.9783064847142299 1. 0. 
-0.22438147206147852 -0.9783064847142299 -1. 0. 
0.9986928455627026 0.16106404024655258 1. 0. 
0.9986928455627026 -0.16106404024655258 -1. 0. 
-0.8668984850819065 0.22382582870697877 -1. 0. 
-0.8668984850819065 -0.22382582870697877 1. 0. 
-0.8802208340272246 0.5119970371953307 -1. 0. 
-0.8802208340272246 -0.5119970371953307 1. 0. 
0.9924764225104434 0.27287622454665008 -1. 0. 
0.9924764225104434 -0.27287622454665008 1. 0. 
0.7151089698953607 0.4997758726895268 1. 0. 
0.7151089698953607 -0.4997758726895268 -1. 0. 
-0.2107870025430654 0.7422637527566753 -1. 0. 
-0.2107870025430654 -0.7422637527566753 1. 0. 
-0.674608293786709 0.5035842429528243 -1. 0. 
-0.674608293786709 -0.5035842429528243 1. 0. 
0.9335440092617241 0.2909955050415666 1. 0. 
0.9335440092617241 -0.2909955050415666 -1. 0. 
-7.643524372315487E-2 0.9907881747992952 1. 0. 
-7.643524372315487E-2 -0.9907881747992952 -1. 0. 
-0.8520826809129349 0. -3.7876201583526778 0. 
1.0947685124819223 0. -106.00800082296674 0. 
0.9609570916459501 0.16714829805841822 1. 0. 
0.9609570916459501 -0.16714829805841822 -1. 0. 
-0.1993467707765786 0.9644745608152163 1. 0. 
-0.1993467707765786 -0.9644745608152163 -1. 0. 
-0.8900186817496523 0.26761850526275318 -1. 0. 
-0.8900186817496523 -0.26761850526275318 1. 0. 
-0.8355954940083683 0.5335827994615207 1. 0. 
-0.8355954940083683 -0.5335827994615207 -1. 0. 
0.4988504456776063 0. -6.932593218237042E-5 0. 
-0.7482537607523534 0.6141442151420158 -1. 0. 
-0.7482537607523534 -0.6141442151420158 1. 0. 
-0.2297760940005792 0.9565133338181439 1. 0. 
-0.2297760940005792 -0.9565133338181439 -1. 0. 
0.9431451703198309 0.2404544228742742 -1. 0. 
0.9431451703198309 -0.2404544228742742 1. 0. 
-0.13168427374659259 0.9408721048566746 -1. 0. 
-0.13168427374659259 -0.9408721048566746 1. 0. 
-0.8942828072154521 0. -1.3321390223426398 0. 
-7.707612610628717E-2 1.0820454275038363 1. 0. 
-7.707612610628717E-2 -1.0820454275038363 -1. 0. 
0.9391278390838613 0.5190047477586676 -1. 0. 
0.9391278390838613 -0.5190047477586676 1. 0. 
-0.8816591130225158 0.33741954887939237 -1. 0. 
-0.8816591130225158 -0.33741954887939237 1. 0. 
-0.9154605151837594 0.6817849563218698 1. 0. 
-0.9154605151837594 -0.6817849563218698 -1. 0. 
1.0656769541773182 0.1527760662043952 1. 0. 
1.0656769541773182 -0.1527760662043952 -1. 0. 
-0.21364083115977998 0.710122955573107 -1. 0. 
-0.21364083115977998 -0.710122955573107 1. 0. 
-0.3411196927984359 0.7050504814025218 1. 0. 
-0.3411196927984359 -0.7050504814025218 -1. 0. 
-0.12887246904529624 0.8874523658369221 1. 0. 
-0.12887246904529624 -0.8874523658369221 -1. 0. 
0.9413381171817611 0.1681212264583392 1. 0. 
0.9413381171817611 -0.1681212264583392 -1. 0. 
-0.14923069125691017 1.032364779747203 1. 0. 
-0.14923069125691017 -1.032364779747203 -1. 0. 
-0.8173796439458828 0.17536342536429748 -1. 0. 
-0.8173796439458828 -0.17536342536429748 1. 0. 
-0.8177278126987723 0.610733044732097 -1. 0. 
-0.8177278126987723 -0.610733044732097 1. 0. 
0.916039645351002 0.3427227807968324 -1. 0. 
0.916039645351002 -0.3427227807968324 1. 0. 
-0.9446197319037072 0.3424461071699709 -1. 0. 
-0.9446197319037072 -0.3424461071699709 1. 0. 
0.9704896102760215 0.2183837848737945 1. 0. 
0.9704896102760215 -0.2183837848737945 -1. 0. 
0.34884172937418458 0. -5.224418911317645E-7 0. 
-0.3312921564246782 0.7651412236553404 -1. 0. 
-0.3312921564246782 -0.7651412236553404 1. 0. 
-0.6366363388443899 0.439046087677658 -1. 0. 
-0.6366363388443899 -0.439046087677658 1. 0. 
0.8660173549760797 0.20350139169719806 -1. 0. 
0.8660173549760797 -0.20350139169719806 1. 0. 
-7.240439775627319E-2 0.9728625621980891 1. 0. 
-7.240439775627319E-2 -0.9728625621980891 -1. 0. 
-0.8106252278246721 0. -3.631625065156556 0. 
-0.17519882142969 0.9603165645142326 -1. 0. 
-0.17519882142969 -0.9603165645142326 1. 0. 
0.9411032844778857 0.10682665237895185 -1. 0. 
0.9411032844778857 -0.10682665237895185 1. 0. 
-0.7695471249838761 0.5935282524114666 1. 0. 
-0.7695471249838761 -0.5935282524114666 -1. 0. 
0.9570108534912517 0.26369118157987805 -1. 0. 
0.9570108534912517 -0.26369118157987805 1. 0. 
-0.9607515042810658 0.24775612158641703 -1. 0. 
-0.9607515042810658 -0.24775612158641703 1. 0. 
0.43204891796312108 0. 1.768697266491359E-5 0. 
-0.7745304834970851 0.5638860723662734 1. 0. 
-0.7745304834970851 -0.5638860723662734 -1. 0. 
-0.45665861839341367 0.8906743125632135 1. 0. 
-0.45665861839341367 -0.8906743125632135 -1. 0. 
1.1046298219920923 0. -314.48127707065199 0. 
-9.36898697863491E-2 0.9938261022437451 1. 0. 
-9.36898697863491E-2 -0.9938261022437451 -1. 0. 
-0.8760543773284579 0.32500404031739119 1. 0. 
-0.8760543773284579 -0.32500404031739119 -1. 0. 
-0.17692887865492575 0.9533990731325307 1. 0. 
-0.17692887865492575 -0.9533990731325307 -1. 0. 
0.955818174081965 0.15506631687668238 1. 0. 
0.955818174081965 -0.15506631687668238 -1. 0. 
0.7871889561703358 0.8332920374469018 1. 0. 
0.7871889561703358 -0.8332920374469018 -1. 0. 
-0.9527337392047859 0.1565421537677266 -1. 0. 
-0.9527337392047859 -0.1565421537677266 1. 0. 
0.97817961663511 0.28291818334068888 -1. 0. 
0.97817961663511 -0.28291818334068888 1. 0. 
0.838760665846782 0. -58.231160638005999 0. 
-0.293420874331845 0.730191739789261 -1. 0. 
-0.293420874331845 -0.730191739789261 1. 0. 
-0.6637668859077781 0.5013968555214479 -1. 0. 
-0.6637668859077781 -0.5013968555214479 1. 0. 
0.7968811168219607 0.2062582852694137 1. 0. 
0.7968811168219607 -0.2062582852694137 -1. 0. 
-0.11908574652141409 0.9918531517033405 1. 0. 
-0.11908574652141409 -0.9918531517033405 -1. 0. 
-0.8418441260776695 0. -5.177985367587217 0. 
-0.17334361363099108 1.0156161965814626 -1. 0. 
-0.17334361363099108 -1.0156161965814626 1. 0. 
0.9380439000556187 0.29381134299871017 1. 0. 
0.9380439000556187 -0.29381134299871017 -1. 0. 
-0.8197973146979146 0.3459397251847624 1. 0. 
-0.8197973146979146 -0.3459397251847624 -1. 0. 
-0.9766388404286112 0.6660529783777376 1. 0. 
-0.9766388404286112 -0.6660529783777376 -1. 0. 
1.0596261387564184 0.2188198984177422 1. 0. 
1.0596261387564184 -0.2188198984177422 -1. 0. 
2.3060426487122609E-2 0. 5.810032678237012E-30 0. 
-0.13964566839845755 0.6464899183791869 1. 0. 
-0.13964566839845755 -0.6464899183791869 -1. 0. 
-0.6673925959874139 0.6051718713593005 1. 0. 
-0.6673925959874139 -0.6051718713593005 -1. 0. 
0.9208814839220502 0.21560770559432797 1. 0. 
0.9208814839220502 -0.21560770559432797 -1. 0. 
-8.609216199145652E-2 0.9817309738577147 -1. 0. 
-8.609216199145652E-2 -0.9817309738577147 1. 0. 
-0.765503196458119 0.5431331170891397 -1. 0. 
-0.765503196458119 -0.5431331170891397 1. 0. 
-0.19129952092968356 0.9745782804429226 1. 0. 
-0.19129952092968356 -0.9745782804429226 -1. 0. 
0.9223271018266707 0.3272446463711104 -1. 0. 
0.9223271018266707 -0.3272446463711104 1. 0. 
-0.8491735699234869 0. 1.0982863868965196 0. 
-0.9813033883130308 0.28294291116480177 1. 0. 
-0.9813033883130308 -0.28294291116480177 -1. 0. 
0.9762286680476225 0.17109959329087355 -1. 0. 
0.9762286680476225 -0.17109959329087355 1. 0. 
0.10775194744721505 0.3955674535828861 1. 0. 
0.10775194744721505 -0.3955674535828861 -1. 0. 
-0.20721552017850243 0.7928383139962778 -1. 0. 
-0.20721552017850243 -0.7928383139962778 1. 0. 
0.9224502270948717 0.3555489073207757 1. 0. 
0.9224502270948717 -0.3555489073207757 -1. 0. 
-4.1898314321240009E-2 1.0061541071803993 1. 0. 
-4.1898314321240009E-2 -1.0061541071803993 -1. 0. 
-0.7247198271796969 0.5794523312403571 1. 0. 
-0.7247198271796969 -0.5794523312403571 -1. 0. 
-0.18572674191951209 0.9865883250263275 1. 0. 
-0.18572674191951209 -0.9865883250263275 -1. 0. 
0.9742817916005214 9.717428423245357E-2 -1. 0. 
0.9742817916005214 -9.717428423245357E-2 1. 0. 
-0.8455003613139456 0.4342062721125087 -1. 0. 
-0.8455003613139456 -0.4342062721125087 1. 0. 
1.0128696790732488 0.25165370684172747 -1. 0. 
1.0128696790732488 -0.25165370684172747 1. 0. 
-0.9531988803029601 0.18398450115054403 -1. 0. 
-0.9531988803029601 -0.18398450115054403 1. 0. 
0.97619819610226 0. 232.963852121157 0. 
-0.7654739933488265 0.5417492494127291 1. 0. 
-0.7654739933488265 -0.5417492494127291 -1. 0. 
-0.14078686686089054 0.9353105765689266 1. 0. 
-0.14078686686089054 -0.9353105765689266 -1. 0. 
0.6879683698749548 0.5090585621941345 -1. 0. 
0.6879683698749548 -0.5090585621941345 1. 0. 
-2.1074673434014213E-2 0.9885482187833474 1. 0. 
-2.1074673434014213E-2 -0.9885482187833474 -1. 0. 
-0.9011167610357707 0. 7.639948548504106 0. 
-0.23520862257688 1.0600674817125238 -1. 0. 
-0.23520862257688 -1.0600674817125238 1. 0. 
0.9793210754379412 0.29715026861674279 1. 0. 
0.9793210754379412 -0.29715026861674279 -1. 0. 
-0.8742679002189645 0.25442104996935085 1. 0. 
-0.8742679002189645 -0.25442104996935085 -1. 0. 
1.0189141797567374 0.14484022807845993 -1. 0. 
1.0189141797567374 -0.14484022807845993 1. 0. 
-1.0310200861633026 0.9607276153172513 -1. 0. 
-1.0310200861633026 -0.9607276153172513 1. 0. 
0.6923871886172657 0.3450150173668559 1. 0. 
0.6923871886172657 -0.3450150173668559 -1. 0. 
-0.15646311714300965 0.7157443785275621 -1. 0. 
-0.15646311714300965 -0.7157443785275621 1. 0. 
-0.1920741165123079 0.95938406195119 1. 0. 
-0.1920741165123079 -0.95938406195119 -1. 0. 
1.0110047285906148 0. -213.40280162000256 0. 
-5.624297042920645E-2 1.0103047105140593 1. 0. 
-5.624297042920645E-2 -1.0103047105140593 -1. 0. 
-0.8628138380144816 0. -4.599906147263308 0. 
-0.8434596120728485 0.6076830784388349 1. 0. 
-0.8434596120728485 -0.6076830784388349 -1. 0. 
0.9207061855544452 0.15297282458768286 1. 0. 
0.9207061855544452 -0.15297282458768286 -1. 0. 
-0.7140569097174272 0.6252241260352586 -1. 0. 
-0.7140569097174272 -0.6252241260352586 1. 0. 
0.9467282512996835 0.28369205133975819 1. 0. 
0.9467282512996835 -0.28369205133975819 -1. 0. 
-0.9226696448846613 0.24810373716983845 -1. 0. 
-0.9226696448846613 -0.24810373716983845 1. 0. 
0.7363285352167395 0.47657124978894857 -1. 0. 
0.7363285352167395 -0.47657124978894857 1. 0. 
-0.601346338987355 0.4824482689106606 -1. 0. 
-0.601346338987355 -0.4824482689106606 1. 0. 
-0.2128135335073761 0.8996421335644812 -1. 0. 
-0.2128135335073761 -0.8996421335644812 1. 0. 
0.6532467538686158 0. -4.970958900970739E-2 0. 
-0.16905535142989779 1.0027309590509038 1. 0. 
-0.16905535142989779 -1.0027309590509038 -1. 0. 
-0.7647439363532189 0.5024764076845897 1. 0. 
-0.7647439363532189 -0.5024764076845897 -1. 0. 
1.5813857264413049E-2 1.079264606212284 1. 0. 
1.5813857264413049E-2 -1.079264606212284 -1. 0. 
0.9315714657935026 0.23251545661438784 -1. 0. 
0.9315714657935026 -0.23251545661438784 1. 0. 
-0.8387659380901076 0. -1.9479594599409127 0. 
-0.8889396965050473 0.273356629604678 -1. 0. 
-0.8889396965050473 -0.273356629604678 1. 0. 
1.019015790618986 0.1360834757608212 1. 0. 
1.019015790618986 -0.1360834757608212 -1. 0. 
0.10077700419405073 0. -5.973124634770681E-18 0. 
-2.9965386823240588E-2 0.8406945017160331 -1. 0. 
-2.9965386823240588E-2 -0.8406945017160331 1. 0. 
-0.20310721661601345 0.9927550167694512 -1. 0. 
-0.20310721661601345 -0.9927550167694512 1. 0. 
0.8750068595070862 0.36717223002925278 1. 0. 
0.8750068595070862 -0.36717223002925278 -1. 0. 
-0.12256165503588265 0.9712282472347815 1. 0. 
-0.12256165503588265 -0.9712282472347815 -1. 0. 
-0.9411822600030672 0.3216964900184865 1. 0. 
-0.9411822600030672 -0.3216964900184865 -1. 0. 
-0.7431043076078363 0.7799311363959592 -1. 0. 
-0.7431043076078363 -0.7799311363959592 1. 0. 
0.930069279199814 0.25266638118255138 -1. 0. 
0.930069279199814 -0.25266638118255138 1. 0. 
-0.8699669445863082 0.5235512619601603 -1. 0. 
-0.8699669445863082 -0.5235512619601603 1. 0. 
0.9955167055516336 0.17920844648887819 1. 0. 
0.9955167055516336 -0.17920844648887819 -1. 0. 
-1.0162651513664214 0. -7.699449738984097 0. 
0.6969268456549127 0.4287670382698428 1. 0. 
0.6969268456549127 -0.4287670382698428 -1. 0. 
-0.28784107800155048 0.7704775021751767 -1. 0. 
-0.28784107800155048 -0.7704775021751767 1. 0. 
-0.18625578223629198 0.9669055980615575 -1. 0. 
-0.18625578223629198 -0.9669055980615575 1. 0. 
0.9771734247575613 0. -72.56882656323553 0. 
-7.344153837766363E-2 0.9829494904018743 1. 0. 
-7.344153837766363E-2 -0.9829494904018743 -1. 0. 
-0.8295920211174345 0. -1.2870062209671474 0. 
-0.6814038978911738 0.6796322281014213 -1. 0. 
-0.6814038978911738 -0.6796322281014213 1. 0. 
0.9511461433696449 0.26677966298871649 -1. 0. 
0.9511461433696449 -0.26677966298871649 1. 0. 
-0.8063417693010261 0.5592105004365624 -1. 0. 
-0.8063417693010261 -0.5592105004365624 1. 0. 
0.9428273354871116 0.16635655154103033 1. 0. 
0.9428273354871116 -0.16635655154103033 -1. 0. 
-0.9774635105240266 0.2531611212361255 -1. 0. 
-0.9774635105240266 -0.2531611212361255 1. 0. 
0.24786462583513964 0.6887084681006672 1. 0. 
0.24786462583513964 -0.6887084681006672 -1. 0. 
-0.3875888371603907 0.8188938258071407 -1. 0. 
-0.3875888371603907 -0.8188938258071407 1. 0. 
-6.282327242385394E-2 0.9598246885277804 1. 0. 
-6.282327242385394E-2 -0.9598246885277804 -1. 0. 
0.8093475430137257 0.32435953534113756 -1. 0. 
0.8093475430137257 -0.32435953534113756 1. 0. 
-0.1861294654155356 0.9920928895068918 -1. 0. 
-0.1861294654155356 -0.9920928895068918 1. 0. 
-0.9304411621123251 0.13143330928593206 1. 0. 
-0.9304411621123251 -0.13143330928593206 -1. 0. 
-0.7708484230032981 0.5524976957379241 1. 0. 
-0.7708484230032981 -0.5524976957379241 -1. 0. 
0.9575762242265948 0.2097094582120729 -1. 0. 
0.9575762242265948 -0.2097094582120729 1. 0. 
-0.8461535923653989 0.3558770025939803 1. 0. 
-0.8461535923653989 -0.3558770025939803 -1. 0. 
1.0252765094053423 0.15112380470174553 1. 0. 
1.0252765094053423 -0.15112380470174553 -1. 0. 
1.9925514529985676E-3 0.6218128284614588 -1. 0. 
1.9925514529985676E-3 -0.6218128284614588 1. 0. 
-0.3668839602465337 0.7883576040850688 1. 0. 
-0.3668839602465337 -0.7883576040850688 -1. 0. 
-0.16501351201804496 1.010247939230578 1. 0. 
-0.16501351201804496 -1.010247939230578 -1. 0. 
0.9281029707101263 0.2474485343908531 1. 0. 
0.9281029707101263 -0.2474485343908531 -1. 0. 
-0.15194652339498616 0.9947111326285367 -1. 0. 
-0.15194652339498616 -0.9947111326285367 1. 0. 
-0.8203108326353362 0.41170056248904216 -1. 0. 
-0.8203108326353362 -0.41170056248904216 1. 0. 
-0.9677877824597049 0.227908186687867 1. 0. 
-0.9677877824597049 -0.227908186687867 -1. 0. 
0.9939967269117703 0.15608502905136896 -1. 0. 
0.9939967269117703 -0.15608502905136896 1. 0. 
0.9460898014248103 0.3398786657874361 -1. 0. 
0.9460898014248103 -0.3398786657874361 1. 0. 
-0.9337169397450995 0.626784859152034 -1. 0. 
-0.9337169397450995 -0.626784859152034 1. 0. 
0.4123172199839796 0. -7.413182230925789E-6 0. 
-0.5613255988579335 0. -4.308027060674636E-3 0. 
-0.16426290428283367 0.8027148744059588 -1. 0. 
-0.16426290428283367 -0.8027148744059588 1. 0. 
0.927944820780455 0.19933757310210663 -1. 0. 
0.927944820780455 -0.19933757310210663 1. 0. 
-9.190684317282488E-2 0.9859088501280988 1. 0. 
-9.190684317282488E-2 -0.9859088501280988 -1. 0. 
-0.778319101801385 0.5562165598773071 -1. 0. 
-0.778319101801385 -0.5562165598773071 1. 0. 
-0.22664613736447046 0.9964223955870766 1. 0. 
-0.22664613736447046 -0.9964223955870766 -1. 0. 
0.9257911193391563 0.32223996184578798 1. 0. 
0.9257911193391563 -0.32223996184578798 -1. 0. 
-0.8543792164526491 0.1517140517032898 -1. 0. 
-0.8543792164526491 -0.1517140517032898 1. 0. 
1.0119176016681329 0.18682222096538893 1. 0. 
1.0119176016681329 -0.18682222096538893 -1. 0. 
-0.950113949276604 0.6098087763065521 -1. 0. 
-0.950113949276604 -0.6098087763065521 1. 0. 
0.6544453564745958 0.3938887406306745 1. 0. 
0.6544453564745958 -0.3938887406306745 -1. 0. 
-0.2982661672380593 0.751501450910997 -1. 0. 
-0.2982661672380593 -0.751501450910997 1. 0. 
-0.7069208010899154 0.613102068091295 -1. 0. 
-0.7069208010899154 -0.613102068091295 1. 0. 
0.9197933609687403 0.24346516245290254 1. 0. 
0.9197933609687403 -0.24346516245290254 -1. 0. 
-8.347102028748477E-2 0.9651752145778416 1. 0. 
-8.347102028748477E-2 -0.9651752145778416 -1. 0. 
-0.8253888381811123 0. -1.9376687756146305 0. 
-0.19428232413150316 0.9606417519767061 -1. 0. 
-0.19428232413150316 -0.9606417519767061 1. 0. 
1.033384920534072 0. -81.97441687954036 0. 
-0.827762489470593 0.5600761692750487 1. 0. 
-0.827762489470593 -0.5600761692750487 -1. 0. 
0.9640234382747748 0.21912837810222078 -1. 0. 
0.9640234382747748 -0.21912837810222078 1. 0. 
-1.004440694677035 0.2502641538826227 -1. 0. 
-1.004440694677035 -0.2502641538826227 1. 0. 
0.6218905282794183 0. -8.740235126161943E-5 0. 
-0.5352920668382996 0.19295736319060045 -1. 0. 
-0.5352920668382996 -0.19295736319060045 1. 0. 
-0.18484271470280995 0.9991292256770235 1. 0. 
-0.18484271470280995 -0.9991292256770235 -1. 0. 
0.9330022336628288 0. 0.16722811898945395 0. 
0.4260383115956204 0.8567181277681494 1. 0. 
0.4260383115956204 -0.8567181277681494 -1. 0. 
-0.8887729001358441 0.45976266167848559 1. 0. 
-0.8887729001358441 -0.45976266167848559 -1. 0. 
-9.524291475063464E-2 0.9821503317767428 -1. 0. 
-9.524291475063464E-2 -0.9821503317767428 1. 0. 
0.9245491101844264 0.31405875623430165 -1. 0. 
0.9245491101844264 -0.31405875623430165 1. 0. 
-0.8388533115056486 0.8086931884542353 1. 0. 
-0.8388533115056486 -0.8086931884542353 -1. 0. 
0.9900871954066856 0.18358379470987086 -1. 0. 
0.9900871954066856 -0.18358379470987086 1. 0. 
-1.0146169402246189 0.35264808079578538 1. 0. 
-1.0146169402246189 -0.35264808079578538 -1. 0. 
0.6625323363655903 0.2948867406020414 1. 0. 
0.6625323363655903 -0.2948867406020414 -1. 0. 
-0.6117074204620662 0.4246259212645551 -1. 0. 
-0.6117074204620662 -0.4246259212645551 1. 0. 
-0.38179165160493258 0.7448921261954415 -1. 0. 
-0.38179165160493258 -0.7448921261954415 1. 0. 
0.9383977751069014 0. -0.6803088591655609 0. 
-6.36576600705705E-2 0.9913242209040061 1. 0. 
-6.36576600705705E-2 -0.9913242209040061 -1. 0. 
-0.7441520268398056 0. -6.580482559595968E-3 0. 
-0.19307975563153163 0.9613524155572024 -1. 0. 
-0.19307975563153163 -0.9613524155572024 1. 0. 
0.9397126844318408 0.27134863976423587 1. 0. 
0.9397126844318408 -0.27134863976423587 -1. 0. 
-0.7773786052761095 0.5984571987051643 1. 0. 
-0.7773786052761095 -0.5984571987051643 -1. 0. 
0.9453543171953126 0.18353374223925177 1. 0. 
0.9453543171953126 -0.18353374223925177 -1. 0. 
-0.9594794190810813 0.24591493666859785 -1. 0. 
-0.9594794190810813 -0.24591493666859785 1. 0. 
0.4385280494217563 0.554356504706718 -1. 0. 
0.4385280494217563 -0.554356504706718 1. 0. 
-0.6571963196448861 0. 0.14707848882348949 0. 
-0.7591893303023245 0. -1.9085386602963166 0. 
0.8434323679881045 0.5513604999370361 -1. 0. 
0.8434323679881045 -0.5513604999370361 1. 0. 
-7.62875728272534E-2 1.0417077352121454 1. 0. 
-7.62875728272534E-2 -1.0417077352121454 -1. 0. 
-0.6852643642319533 0.6236565334542664 1. 0. 
-0.6852643642319533 -0.6236565334542664 -1. 0. 
-0.19009141399789068 0.9867799470165075 1. 0. 
-0.19009141399789068 -0.9867799470165075 -1. 0. 
1.0189061521905796 0.14099191738876966 -1. 0. 
1.0189061521905796 -0.14099191738876966 1. 0. 
-0.9598913235669024 0.23043921372948834 -1. 0. 
-0.9598913235669024 -0.23043921372948834 1. 0. 
1.006229438620312 0.2703448702780285 -1. 0. 
1.006229438620312 -0.2703448702780285 1. 0. 
-0.8718508586231473 0.7138716757442676 1. 0. 
-0.8718508586231473 -0.7138716757442676 -1. 0. 
0.8180665700775205 0. -15.197335720311598 0. 
-0.1730068112870571 0.7250469478051267 -1. 0. 
-0.1730068112870571 -0.7250469478051267 1. 0. 
-0.6651004603378955 0.5049546537454577 -1. 0. 
-0.6651004603378955 -0.5049546537454577 1. 0. 
0.7427393552850246 0.396742424866024 -1. 0. 
0.7427393552850246 -0.396742424866024 1. 0. 
-0.12330826881445727 0.9745997856426992 1. 0. 
-0.12330826881445727 -0.9745997856426992 -1. 0. 
-0.8580471270141666 0.27982421798693299 1. 0. 
-0.8580471270141666 -0.27982421798693299 -1. 0. 
-0.21221322148367029 1.005240813532767 1. 0. 
-0.21221322148367029 -1.005240813532767 -1. 0. 
0.9221994090572442 0.2574743972218332 1. 0. 
0.9221994090572442 -0.2574743972218332 -1. 0. 
-0.9030582538711747 0.6985955903159865 1. 0. 
-0.9030582538711747 -0.6985955903159865 -1. 0. 
-0.976119160720633 0. -29.86500194914571 0. 
1.040792523787709 0.20414883368287196 1. 0. 
1.040792523787709 -0.20414883368287196 -1. 0. 
