0.0
0.0784590957278
0.15643446504
0.233445363856
0.309016994375
0.382683432365
0.45399049974
0.522498564716
0.587785252292
0.64944804833
0.707106781187
0.7604059656
0.809016994375
0.852640164354
0.891006524188
0.923879532511
0.951056516295
0.972369920398
0.987688340595
0.996917333733
1.0
0.996917333733
0.987688340595
0.972369920398
0.951056516295
0.923879532511
0.891006524188
0.852640164354
0.809016994375
0.7604059656
0.707106781187
0.64944804833
0.587785252292
0.522498564716
0.45399049974
0.382683432365
0.309016994375
0.233445363856
0.15643446504
0.0784590957278
1.22464679915e-16
-0.0784590957278
-0.15643446504
-0.233445363856
-0.309016994375
-0.382683432365
-0.45399049974
-0.522498564716
-0.587785252292
-0.64944804833
-0.707106781187
-0.7604059656
-0.809016994375
-0.852640164354
-0.891006524188
-0.923879532511
-0.951056516295
-0.972369920398
-0.987688340595
-0.996917333733
-1.0
-0.996917333733
-0.987688340595
-0.972369920398
-0.951056516295
-0.923879532511
-0.891006524188
-0.852640164354
-0.809016994375
-0.7604059656
-0.707106781187
-0.64944804833
-0.587785252292
-0.522498564716
-0.45399049974
-0.382683432365
-0.309016994375
-0.233445363856
-0.15643446504
-0.0784590957278
-2.44929359829e-16
0.0784590957278
0.15643446504
0.233445363856
0.309016994375
0.382683432365
0.45399049974
0.522498564716
0.587785252292
0.64944804833
0.707106781187
0.7604059656
0.809016994375
0.852640164354
0.891006524188
0.923879532511
0.951056516295
0.972369920398
0.987688340595
0.996917333733
1.0
0.996917333733
0.987688340595
0.972369920398
0.951056516295
0.923879532511
0.891006524188
0.852640164354
0.809016994375
0.7604059656
0.707106781187
0.64944804833
0.587785252292
0.522498564716
0.45399049974
0.382683432365
0.309016994375
0.233445363856
0.15643446504
0.0784590957278
3.67394039744e-16
-0.0784590957278
-0.15643446504
-0.233445363856
-0.309016994375
-0.382683432365
-0.45399049974
-0.522498564716
-0.587785252292
-0.64944804833
-0.707106781187
-0.7604059656
-0.809016994375
-0.852640164354
-0.891006524188
-0.923879532511
-0.951056516295
-0.972369920398
-0.987688340595
-0.996917333733
-1.0
-0.996917333733
-0.987688340595
-0.972369920398
-0.951056516295
-0.923879532511
-0.891006524188
-0.852640164354
-0.809016994375
-0.7604059656
-0.707106781187
-0.64944804833
-0.587785252292
-0.522498564716
-0.45399049974
-0.382683432365
-0.309016994375
-0.233445363856
-0.15643446504
-0.0784590957278
-4.89858719659e-16
0.0784590957278
0.15643446504
0.233445363856
0.309016994375
0.382683432365
0.45399049974
0.522498564716
0.587785252292
0.64944804833
0.707106781187
0.7604059656
0.809016994375
0.852640164354
0.891006524188
0.923879532511
0.951056516295
0.972369920398
0.987688340595
0.996917333733
1.0
0.996917333733
0.987688340595
0.972369920398
0.951056516295
0.923879532511
0.891006524188
0.852640164354
0.809016994375
0.7604059656
0.707106781187
0.64944804833
0.587785252292
0.522498564716
0.45399049974
0.382683432365
0.309016994375
0.233445363856
0.15643446504
0.0784590957278
-1.16403343983e-15
-0.0784590957278
-0.15643446504
-0.233445363856
-0.309016994375
-0.382683432365
-0.45399049974
-0.522498564716
-0.587785252292
-0.64944804833
-0.707106781187
-0.7604059656
-0.809016994375
-0.852640164354
-0.891006524188
-0.923879532511
-0.951056516295
-0.972369920398
-0.987688340595
-0.996917333733
-1.0
-0.996917333733
-0.987688340595
-0.972369920398
-0.951056516295
-0.923879532511
-0.891006524188
-0.852640164354
-0.809016994375
-0.7604059656
-0.707106781187
-0.64944804833
-0.587785252292
-0.522498564716
-0.45399049974
-0.382683432365
-0.309016994375
-0.233445363856
-0.15643446504
-0.0784590957278
-7.34788079488e-16
0.0784590957278
0.15643446504
0.233445363856
0.309016994375
0.382683432365
0.45399049974
0.522498564716
0.587785252292
0.64944804833
0.707106781187
0.7604059656
0.809016994375
0.852640164354
0.891006524188
0.923879532511
0.951056516295
0.972369920398
0.987688340595
0.996917333733
1.0
0.996917333733
0.987688340595
0.972369920398
0.951056516295
0.923879532511
0.891006524188
0.852640164354
0.809016994375
0.7604059656
0.707106781187
0.64944804833
0.587785252292
0.522498564716
0.45399049974
0.382683432365
0.309016994375
0.233445363856
0.15643446504
0.0784590957278
-2.6954609194e-15
-0.0784590957278
-0.15643446504
-0.233445363856
-0.309016994375
-0.382683432365
-0.45399049974
-0.522498564716
-0.587785252292
-0.64944804833
-0.707106781187
-0.7604059656
-0.809016994375
-0.852640164354
-0.891006524188
-0.923879532511
-0.951056516295
-0.972369920398
-0.987688340595
-0.996917333733
