2.31034136e+00 3.15463829e+00 3.37779284e-01 3.00001264e+00 3.45483273e-01 3.83973432e+00 1.18247676e+00 3.38883829e+00 1.25443053e+00 4.95047426e+00 2.54858327e+00 3.45100546e+00
3.18069005e+00 3.97408104e+00 1.17976630e+00 3.81833243e+00 1.18432486e+00 4.65105247e+00 2.02248359e+00 4.19797277e+00 2.08810997e+00 5.73992825e+00 3.38058662e+00 4.21619606e+00
6.10056067e+00 6.71784353e+00 3.98148298e+00 6.55806112e+00 3.97534537e+00 7.37135839e+00 4.82000589e+00 6.91002703e+00 4.86461782e+00 8.39588165e+00 6.15600967e+00 6.78009462e+00
1.27449350e+01 1.29027891e+01 1.01879501e+01 1.27311201e+01 1.01549988e+01 1.35215282e+01 1.10331011e+01 1.30335417e+01 1.10280590e+01 1.44374952e+01 1.23465300e+01 1.25268955e+01
2.58998775e+01 3.22530708e+01 3.48511581e+01 3.24247780e+01 3.55613823e+01 3.18720055e+01 3.39794998e+01 3.23232422e+01 3.47311401e+01 3.14085102e+01 3.28073387e+01 3.31471481e+01
1.32421036e+01 1.44032249e+01 1.29619617e+01 1.42816744e+01 1.29730053e+01 1.48118315e+01 1.35814190e+01 1.44717293e+01 1.36234398e+01 1.53883791e+01 1.45056782e+01 1.46151962e+01
1.12075253e+01 1.17642756e+01 1.05915976e+01 1.16330366e+01 1.05583773e+01 1.21027288e+01 1.11782026e+01 1.17441101e+01 1.11367502e+01 1.25236769e+01 1.19992180e+01 1.14245634e+01
1.38718605e+01 1.41934795e+01 1.35600576e+01 1.40665092e+01 1.34905224e+01 1.44237404e+01 1.40494871e+01 1.40865126e+01 1.39322958e+01 1.46480036e+01 1.46590805e+01 1.35023975e+01
2.66806469e+01 3.34049568e+01 3.39963036e+01 3.34944115e+01 3.46134758e+01 3.31405258e+01 3.35436783e+01 3.33822937e+01 3.41618004e+01 3.27844620e+01 3.29204788e+01 3.49448967e+01
1.35594425e+01 1.15654202e+01 1.18333855e+01 1.14584093e+01 1.17136812e+01 1.16673222e+01 1.21380253e+01 1.13884258e+01 1.19331369e+01 1.17020502e+01 1.24490347e+01 9.49117088e+00
7.42327929e+00 4.91042519e+00 6.03122950e+00 4.83025885e+00 5.87724495e+00 4.89887810e+00 6.13156223e+00 4.69604874e+00 5.86370707e+00 4.77779293e+00 6.12110233e+00 2.42568183e+00
4.58309555e+00 1.42963564e+00 3.32323813e+00 1.38720071e+00 3.16980696e+00 1.33058155e+00 3.20874739e+00 1.22702074e+00 2.93946648e+00 1.11248851e+00 2.92093682e+00 -1.57916927e+00
3.24004126e+00 -4.94485468e-01 1.96019828e+00 -4.88689274e-01 1.86578453e+00 -6.50707662e-01 1.67918456e+00 -6.31171703e-01 1.49936831e+00 -9.08025026e-01 1.22395408e+00 -4.10051155e+00
2.65063310e+00 -1.41765511e+00 1.16294992e+00 -1.35862708e+00 1.19226682e+00 -1.58546984e+00 8.67583811e-01 -1.42980933e+00 8.80349100e-01 -1.80926979e+00 4.53236848e-01 -5.68139410e+00
2.35107899e+00 -1.67595398e+00 5.30819595e-01 -1.57564688e+00 6.85244441e-01 -1.79308009e+00 4.11210179e-01 -1.52737939e+00 6.46288335e-01 -1.89707339e+00 2.75028825e-01 -6.60960388e+00
2.14059162e+00 -1.59403825e+00 5.34273311e-02 -1.49513817e+00 2.42840379e-01 -1.60081863e+00 1.79474756e-01 -1.33369565e+00 5.13133764e-01 -1.52079737e+00 4.15663689e-01 -7.07759237e+00
2.05009413e+00 -1.50381517e+00 -9.12530348e-02 -1.46830702e+00 1.76326744e-02 -1.39745903e+00 1.79257765e-01 -1.30179751e+00 3.88647437e-01 -1.18139052e+00 6.12390459e-01 -7.21272707e+00
2.13288188e+00 -1.57053053e+00 1.72150925e-01 -1.62525117e+00 1.25325575e-01 -1.43286169e+00 3.92752588e-01 -1.58433950e+00 3.15938234e-01 -1.25577366e+00 6.73017442e-01 -7.06328678e+00
2.33981586e+00 -1.64331090e+00 7.07249284e-01 -1.75555468e+00 5.13497949e-01 -1.56331778e+00 7.13012934e-01 -1.86549258e+00 3.76107693e-01 -1.54590118e+00 6.14407241e-01 -6.58553600e+00
2.64151597e+00 -1.39056885e+00 1.29367995e+00 -1.50797915e+00 1.06556189e+00 -1.39562058e+00 1.08428848e+00 -1.70786715e+00 6.87068760e-01 -1.52225256e+00 6.93302095e-01 -5.65425348e+00
3.23627162e+00 -4.80988443e-01 1.97390795e+00 -5.64536750e-01 1.84886587e+00 -5.52799404e-01 1.70780265e+00 -7.78220713e-01 1.46266079e+00 -7.52069533e-01 1.27973986e+00 -4.07662439e+00
4.58445024e+00 1.42691219e+00 3.22485900e+00 1.39885259e+00 3.25949764e+00 1.31969833e+00 3.05239916e+00 1.23363817e+00 3.05973530e+00 1.11639702e+00 2.78924632e+00 -1.56336784e+00
7.42802525e+00 4.89157963e+00 5.86167145e+00 4.92924833e+00 6.03796005e+00 4.77830029e+00 5.84418678e+00 4.85943127e+00 6.10393953e+00 4.62447929e+00 5.83550358e+00 2.42997813e+00
1.35653534e+01 1.15311728e+01 1.16323652e+01 1.16415558e+01 1.19094276e+01 1.14382687e+01 1.17787580e+01 1.17117033e+01 1.22497578e+01 1.13821764e+01 1.20523119e+01 9.48080921e+00
2.66748657e+01 3.34504128e+01 3.41721420e+01 3.32679100e+01 3.44337006e+01 3.34391975e+01 3.38692169e+01 3.29504013e+01 3.38590431e+01 3.32432137e+01 3.33063316e+01 3.49773560e+01
1.38792162e+01 1.41448374e+01 1.33258924e+01 1.43315029e+01 1.37204170e+01 1.40895557e+01 1.36193638e+01 1.45669451e+01 1.43210688e+01 1.41647997e+01 1.41585627e+01 1.34731283e+01
1.12136021e+01 1.17065611e+01 1.03669434e+01 1.19491053e+01 1.07820892e+01 1.16971064e+01 1.07521706e+01 1.23408098e+01 1.15330153e+01 1.19042664e+01 1.14714918e+01 1.13798885e+01
1.32431145e+01 1.43427620e+01 1.27653809e+01 1.46139517e+01 1.31719589e+01 1.43795338e+01 1.31985970e+01 1.51193686e+01 1.39883099e+01 1.46985016e+01 1.40117826e+01 1.45592098e+01
2.58618298e+01 3.23211632e+01 3.52467308e+01 3.20360374e+01 3.51644363e+01 3.23600006e+01 3.47018127e+01 3.16064758e+01 3.40662231e+01 3.21393661e+01 3.36587639e+01 3.32068558e+01
1.27716684e+01 1.28154058e+01 9.89625168e+00 1.32174358e+01 1.04444790e+01 1.28842316e+01 1.04707174e+01 1.40020885e+01 1.15617046e+01 1.33905973e+01 1.15962782e+01 1.24411602e+01
6.12047148e+00 6.63105917e+00 3.71518373e+00 7.04223871e+00 4.24139881e+00 6.73122406e+00 4.30044746e+00 7.89541435e+00 5.36277199e+00 7.31011629e+00 5.44953012e+00 6.68705702e+00
3.19871235e+00 3.88671041e+00 9.21520293e-01 4.30648565e+00 1.44301975e+00 4.00296545e+00 1.51612222e+00 5.20178938e+00 2.57586694e+00 4.62361097e+00 2.68580461e+00 4.11845779e+00
2.32789326e+00 3.06699848e+00 8.16877112e-02 3.48991013e+00 6.02217138e-01 3.18847036e+00 6.79592490e-01 4.39958000e+00 1.73952305e+00 3.82312155e+00 1.85661209e+00 3.35164356e+00
