-0.8916169053007562113380743316262371017858667867900647895105391870979175135025921e-1
-0.1507992772687444259882934241313261508070582680629293915182923170888922314967906e0
-0.2083288452822836202309025816102707674815191502443120130882010666459886826028215e0
-0.2678522153631903474203075893065014850918649067089435561467399888943572667438587e0
-0.3346627603661553944643516302281457028731525679647568935107403695366084058051748e0
-0.413863663462608997322340251697174808608368124498931946947621303542751586642313e0
-0.5109079342237619002997876622410962306107757532884029280985608674950481660641231e0
-0.6321095218546173250366008594599902021982923138319258547517943126737218464202757e0
-0.7851726720362545650071166259874098364601676390740553183216662537657564159020265e0
-0.9797841049966784520760014323956053118536626677488349990651547073064792268039355e0
-0.122830917042297434728388579085544662603376500254512955991648261131260913233634e1
-0.1546625482605292904535871240588171744029898280923632704835761975994762966047033e1
-0.1955107130383039349905537110193112603675967040896818930131507790328885068088354e1
-0.2479720515795488390068278077231708263219409952387082127082924576962329883676597e1
-0.3153069344363142445980901784269313009686418691650639083895466210257038577050763e1
-0.4014950910087271765361415234674311870411778902457965585226825654765980664791945e1
-0.5111408775353100250172887002780564277657032243058264547831765235652604479221343e1
-0.6490151732333285144384765091015398315760394286904453413142530401352631447222822e1
-0.818833508147309469531376670904734621654969074232483719758287109134595444230277e1
-0.1020644397606604988609899830552634382723470511212740644068128258703160628542984e2
-0.1246216905883729485864002436813206911445548072641170469893241349890763071392745e2
-0.147290793112775653793761113632025603227462032920853059027730679389413315036802e2
-0.1659853752837012836288268150230832178585162455524733459851056263986689143196186e2
-0.1754755430691261032780509301021051532181626895396813936668295203873444230106501e2
-0.1716662346929330829666851856994907642472648422021823100215398601144591381919969e2
-0.1542438221490284599963084878504293409354263453736909268959400432091116344494991e2
-0.1271241485470464928761331453887727698991322375269603253138358828487745767752019e2
-0.9612910021498512027878606446869658588018478758999361419042746210937624234974982e1
-0.6621680649960442994976848948431468445344175139297797255682643149882643585348561e1
-0.4024480377192066937044421898141831708418914896399130471320947009155191096717071e1
-0.1917287594044762595317666997361371190817351073639496943578395414367469714741078e1
-0.2776688160189459320443529676717642466013275277616512675524477609461680236110531e0
0.9721633286861865139783849279146317950261452053851511054367454679479502101389845e0
0.1925829001147550485006874365963218645765185193244403847666955884334836660935425e1
0.2672656992380270587637069689831331240064302278722896597315249228205081172080029e1
0.3289545095934031431230470371257214308260788851584155184596607195282675758199808e1
0.3839169787493082257120713955531920948585740410027172861072033135821564508533732e1
0.4371070894600396406383122413351113452359964168532980824935390644087996661395544e1
0.4923622635907786279918732220132097417882242195968334896634109020749960222574556e1
0.5525763241384010769809006917652796606642515357393252030046887724337576844458722e1
0.6197811065394627915156799107289336324247624873509508262333259870288512680127769e1
0.6950930361663236222575935051872272547327322971416720072442988021806159205841622e1
0.7784985014142464665811661133298095563656809722696550407626196396885073085270543e1
0.8684814950096615292413744917556905879322440115433390054156489768980825506469416e1
0.96156049494184880249553844681385457765608433341941341466230298798658497406652e1
0.1051914934979375667640131141043749368345633530651367178093905185343354319261496e2
0.1131425071414411885194841766789173809553780509706934185258822368809949295211927e2
0.1190521320135318146798247800234293869937674283249715204507022505434063952098533e2
0.1220056319150271248026217615387271807719591150716372418657056926887360035410083e2
0.1213861911671404412918081147412546640919808489163664770186646621613241396753692e2
0.1170975950203961335158438631744311568665013358628536421098954638978590969439542e2
0.1096343510392298508580610573819091424428368248242576550178852303359091182463791e2
0.9995156443806205133329745072565315337588025819212267690574578269204169418718245e1
0.8920158110498231690464225659889709086010444933229068969823932858355325240326071e1
0.7846581459758304684334660725309133102868892719736009305658288429167759374124099e1
0.685801200761069326592561565674618370004912747697218474422118968506442841426253e1
0.6007818365925965678609718612061056828395977401994837689460827056357930704247446e1
0.5322232871538764665071356533383904445011630223626904697681406410603864979158012e1
0.4807576585489070654339620048468769788174878622173215993960543760951996565848691e1
0.4458070016458538608185154553640813911965154779141938735644995388364159170236101e1
0.4262350122222541422879444100180077735989027906968782243154176407983605929229361e1
0.4208103218120496424275444422627556914521487393394275671104677861100571301435541e1
0.4284918114246139779664351035247730047870165456781924570628513870734759509363647e1
0.4485710656621678954083928326721395112053213508960689235859652378705215646554143e1
0.4807061408401594445457519568875952755782557910176277703300019117848592596328122e1
0.5248676765094834846419593539562452558999895631290025630896530545149869316946951e1
0.5812005045325028772586605275863653540126859605555979041673953092027932543463311e1
0.6497856753960554003880119827480190518014510897298523092922251615495685278631525e1
0.730274252929723623275752313766620226249881414485069160460425267599682110499202e1
0.8213655214691302095223431368954322261465082237251104356921595568533445158563983e1
0.9201381858861273282614668060604532861535851076937756618821809227323094946821495e1
0.1021341899991024668625029433595567476078013362376432245730353674633107155256463e2
0.111693336972257080436330932516903413642092172787085217212960705813192723613016e2
0.1196340755539361050325036932160871343909431346667982815246957666299415741781851e2
0.1247964883909226387949748873791225349938274520381292809251023877367838833583095e2
0.1261989571049598626918104227086908260895415843474006493734513393579018697135505e2
0.1233646670211023954124704426524274180269704801530702350141278794423683778755115e2
0.1165299249465934205728296353856069376685853878586889046331041527753490529607037e2
0.1066023684912067966711746853277663725281884015997121972459035516434272503467581e2
0.9488448261725147396868203772778551397576386151020162710209912720056552127070802e1
0.8271502027872124357875069468418045653329221885608974220517546711462180479010085e1
0.7119242388760443082246322789688288524574290063821578765927369670099239766609464e1
0.6105267600803678892673277580027415932505827856270920750154655592107872874064331e1
0.5267962901354574538018814678622178885262207092486307259602286220890222075713848e1
0.4618667234613520158359375182922493111289500882474217160874640067850873998243183e1
0.4151593593532624378140866941924571474640012520856753300616869917611641568704132e1
0.3852457393208717508045801949243913903667150109804915760098377505137489053041559e1
0.3704748883268045860041498540029070685554850379397883174144009653838886510226608e1
0.3693703216718486078617640778878808939894914678584685276722644793707268393532563e1
0.380845343522235954583162355443447802107658267357257060003052834908888516490757e1
0.4042894524620089518322162509331699829161872167796536077545745210232612083153066e1
0.4395652921040813130541103846909828369990360873201747704237744573429793023628814e1
0.4869356129572787298605555518903584274551193489819245904926957664555784201435953e1
0.5469176095906232811324897443353261139705253102762053567151897822433456420663696e1
0.6200394772047141937090053053106921000850841183610191230131068998963225177063362e1
0.706454049425684027748476983156128894344904112146115263952718653850895126667625e1
0.80535656544994384691899454636966185895995093791095610112840994193982962889909e1
0.9141816310504985064442539176767483958054130376301712407762076668670657938544623e1
0.1027660263255448415660440258326541917401903547492402578523248870801099415244627e2
0.1137043721549894202478746122966096306233686583579196844672352405528861689586652e2
0.1230113302748943758830616569493680398391796835415020031103048967975690649019339e2
0.129275324163800048054364858820930286456869963042409299413134241466666933473367e2
0.1312407251657260430308359320087443444412139925060806280896242158774950768567442e2
0.128245249588249625033949124465999256157344888122224904091213379125942140720115e2
0.1205219304956272264843484747165060741099147286533285011257608360343402746696185e2
0.1091631286954812246228378663787032745431782997918285304207702016150007769435557e2
0.9575661842298317017830478169521169041698992940618269911698125881607666898083671e1
0.8191194652203693953978213340336935303564461281782805586914551786978486530697528e1
0.6890943004148116706914909706036187617730508937456736687817920639759600337676915e1
0.5756313597591688555903823583103878112777104784860545367490877319665015720943268e1
0.482547543861088987375848266528324804414575234325463066519724985277866669268023e1
0.4104931014068202566817883621875127631305444018108383164106139901542191618391709e1
0.3582250084236364913488887838751838747585080914474374955685559724623371387047161e1
0.3236464684629294453949186438832020242025587013059066976612116308346284402327815e1
0.3045218593120792095176741772707140847874502098563648184872736180833030402103828e1
0.2989048052086615026102881119069741699307484462251003956728110626486828219573951e1
0.3053569625974514535886789270943999024012469691755593878755818648187773531616152e1
0.3230316461730413463863906053133938192869628743244687582862377143547043072244203e1
0.3516769097397051550390520570558743345544442710094201884311579116516130616710738e1
0.3915895482679972390672396035777125883193476951153915562225485815072870290610343e1
0.443528449531686577398171411395412880635703630454787781843222578107662991736252e1
0.5085722861988356425033288316598333852077027552218085692922363421183701657007027e1
0.587880876232631452956208626293031968845104801746102168035634300717424784299008e1
0.6822918332419530929829331725875892044826023048365280152539942524942514084960998e1
0.7916628567387510202398309555124365941716390262985104000751103046231474708269854e1
0.9138836773745875747267991715316505765013287408598752742371252369066844576031133e1
0.1043592907078424580740899027592231383445835676718006588670312516398819658215807e2
0.1170931951753826619781314204445208488021915416108103430040337798268851916194693e2
0.1281165815007962255138753708095875283414201539159017758512794764122893918338246e2
0.1356398207933220193390952762824552736800160527576749854299674792360919568403919e2
0.1380131407529901315964499938043059927353333645378630097746932658722063687574901e2
0.1343476945597118055123538376440217726520500454429427771203120170454394170512263e2
0.1249560541603293151271556737781632757386302606245637223617187196777790447352873e2
0.1112897096363595285671716326223139158808267185568589284074651562068868317032786e2
0.9539967845646096283707309380205697083544646956774920703781282904318386927607142e1
0.7927518370142193556803052696527896029627510280745515794709360825717363595428213e1
0.6440218831932168525188321589561555400537215194840333577510779156739473711633313e1
0.5163752290688312946911949511405658060742557080353618091849294613543195912046651e1
0.4130114812910432573044519144812866378771466263772579719009282276162655662611401e1
0.3335010721131080110364427015870649932149522918355018316108055380950452021740866e1
0.2754473084707144049474113131773082508414210920167427526730470111659435675029706e1
0.2357192341605384804870014269291245498308324872968545259963064048572235068937219e1
0.2112278396861857824981253521561761902162470128884746207225683383573129652763831e1
0.1993452784880375492358503287346413982772269129778473970156278260357885484965608e1
0.1980873725939999323329572258338254919443447828858446457735170895875857876490735e1
0.2061590963828958111528606947138864715406511355854528149357919441527554935077658e1
0.2229330098923380631643539958187695423152506317769743779113993178341853308324484e1
0.2484038182542413686547559951825364349109998589971481213290695852353476396185108e1
0.2831409826505917281111961845690704159909129987889085071649828409807712185854443e1
0.3282442120239827076905865954136248187783885821592236104426525529558865276170563e1
0.3852904961085524428305725664191975722992752252962461976693894112792015635764348e1
0.4562417025850074378646651947858759499818866357916483579748308320101948883031949e1
0.5432535031687044041905126996373946955326682124293331008196844421852441055057589e1
0.648285488329160573966254059794635329069754696057670943044980526527327509594203e1
0.7723629062104804870684704783305452056253826654853695214152631554045893651803384e1
0.9143138300420794835923413795704035667429272301209706000048044794070707843465498e1
0.1068896477093503355386758901009000280618457082750376635202819317745719451521698e2
0.1224626056159746021963008374883520743155068115819901364866794048497593396020697e2
0.136247765165142616913011547105455810429141321878847424571188143656546532966654e2
0.1457652089558736873881451900412915724168008172204361269626841848342036419893571e2
0.1486267564774943844606231370356096251811970512150637755991641831770075357759709e2
0.1435442344228868963003258754705367917364317857588909118160496223453358732114276e2
0.1310531458874258086586355101722167551824689536324427663722260962860309314715981e2
0.1133503334988393999357239843753381520425476842914969072269565504368771970251187e2
0.9335028368259533017492889675435034873861578218786119417834556911866849383248994e1
0.7365956190309230999725486525154175696345767785208913877570561210205091613403887e1
0.5601957377013684751751588820809259989022550491939060358924183649801128772603356e1
0.4126050283992734945126309338263572516459982851389386295973925746479839889323075e1
0.29528299852093047572240617162747645599949334507877891689175990479483380530548e1
0.2056292616992035619347509996262491633054138089167996859635489490784075901110114e1
0.1392048005951479483715599598912989319425884293743127748904963491159439507488324e1
0.9116358980456446536646880119080391093924665439263287392325571962809462924029015e0
0.5702862904389321852487521736893283150450456200168997597080234985458517337378614e0
0.3302439620582410015191265488072975052618568273913608001816059540472609488412428e0
0.1614674709552537082973096165319212764912085109061805915304102482274264827736937e0
0.4097038713687979773758424479224808142008455547871879133750938384842647349374977e-1
-0.484037367655510834636447429060561080962641013614489384730791998376221384616426e-1
-0.1193265225410560130092181103242891106130296053545601128226837634779880274193215e0
-0.1812303004669055283359435370887965483032146641934206064104494693472767884283225e0
-0.2413712292741747958357654895925229541376415134373407594794258541546592012151549e0
-0.3057032612624306143262498007024586361400756021996231567748100166257718691781343e0
-0.3795939220858873709700506691777333423257910862100478309162897879124019047048612e0
-0.4684284100190832216899795694489550486217989470721702373919724118624094674473648e0
-0.578152586093380289790661682600551864315598101500938622428941421873367944234977e0
-0.715804531963887592185210894551870092182186034795565554833030664339776134497508e0
-0.8900818937966730871517130113070817299852040719475476246933999938486748184134901e0
-0.111198912492873226739489104030082758292322870528978443638647794400432749157794e1
-0.1395603318436064252489029037023015407805599481631353683530734265057185259253184e1
-0.1758984007341134470141005316684722227355748615686640906002037288041579579201865e1
-0.2225218116254454480590796333242704780143150644712668436824095706223186385121045e1
-0.2823508204674225571378752309435725273015033126560353715930441750539610025154954e1
-0.3590022630987636869159853695660655292235241504907295810908789796177906076840598e1
-0.4567818483482868953047827626613235609032741911066364615779066729596629636586376e1
-0.5804328565666440581608360068544763733572846646120197362238550731050352787500186e1
-0.7343420386467595403396341709494131287286316236395156216174591272767038051009543e1
-0.9206861307527750599169595080286450724521875977061640929428561048127230666533469e1
-0.1135846444254927297088099595225472454309444056219107185823087988566764736301772e2
-0.1364852178310854300383653421408627629304782749681136531750610005145125690415036e2
-0.157576361899389803179506928840815633025197025235456663763390945949640927826137e2
-0.1720276583400395733474095156898749893908525621675939297981850963350025213537128e2
-0.1748860326623143615127758378124009376575046606559426038205635842935095703716209e2
-0.1638062382718461746946449517484648158956644530414040695434619489173964561731475e2
-0.1408053388461868872925118988176156646911193085343942241772463656711676491079673e2
-0.111125896476647440865933743968291942256950110135102825025495313302735671592807e2
-0.8036348748104615804986771605105498301590936391656750365051626112368078676816695e1
-0.5240539493045119573511994159758137866173203087223357003189446030141581590849531e1
-0.2904359358088929089422632701021533448100918076395608462560815321976561121676532e1
-0.1053902960916493028381185263211665728114792196545453365927473621107487849495976e1
0.3674764744512903315447548892926641697826342516725406114020462707113501305662207e0
0.1448531635489357002900238175381563745079661277760768912006270793528677599404132e1
0.2281685521670255137839006692511269436030867660766152648047797668302644373562767e1
0.2949960597404026407384627394106703968048436414509950120006052165186889885589251e1
0.3522652196665590279675412815083979721512312781985345679684091703567558907924297e1
0.4055326681632391806048750878377390452636221367565987556264032414906117494711645e1
0.4591539639867283998339245230587108291175974901161383048541229427811884079531764e1
0.5164796441775974874321075234215639103711965467654628222254722975154318853153653e1
0.5799898652172975573128000628403165451974725407920664590556425702754310240037064e1
0.6513136312248594895785355049721933992901439258661669485773350853770616653732014e1
0.7310960862101086280408722668585180971213356156841381668229480376424107561880275e1
0.8186970387603297066957685075210623877142395826142308647948511312964907687041354e1
0.911746257807054190322116024889007267308331349911974028737203515743451956217847e1
0.1005668548141524873241944993660266845088901735103531599706929626212034512916662e2
0.1093430327601403014515169782118313610331721266309850751704233427839676589805709e2
0.116589697856187480299961046279949063732344391797373945331248296001789421770172e2
0.1213174805052385047976808861930275988370768099986317007273371166686800623771334e2
0.1226948828771540390025451753972639214000154159294472000598521629518785732224917e2
0.1203129866177356707114767891151859046038752771588671458123376536703694031446751e2
0.1143561833867111634332675145161519678702908481866478296424535855513035148923332e2
0.1055776430370144751160176411114208814188172750231289194371747340942467122891106e2
0.9508585391161309347094388486293717863477811034559220709728681502123021444148194e1
0.8405380293022023731800783410910244954114442447893624333129049939359359812271844e1
0.7348011291013259594168975870619461752207113843598870385384697734183342042628729e1
0.6406884843928363641550384452324392558088369854477089684266464200697912801926277e1
0.5622079919015485863292719949575957475133571187686810943304924723268965061284887e1
0.5009183839771302403538914625972893856277035062430134684886483604773627275183398e1
0.4567387000324927977417462847978803344744261008088123998433540625076024242116158e1
0.4287011438149922591358271151441383964011847127282082097592119200045451434519561e1
0.4155270129000014855214866571022224793794810175988516770530899022679791985319464e1
0.4160082060778452085340688353501292485227580514532120270495243938576478649556036e1
0.4292230985313043276751488847471135182604710447797244648729951293759206952778996e1
0.454625695593514187729850322829697626919841408178150215227898124409045974339134e1
0.4920384809719045478284790326237390821084213552040731821499517662365432181303103e1
0.5415628231504108481069320688668006916673855846370118694580020736574770652937839e1
0.6034016847271014117782952309543646148786742558633446312066741209272284390964538e1
0.6775715536397917129034399566053294312683676431906699606855785847462157322532921e1
0.7634703471438881231672117439231028945325032168690287362301922044580720923765269e1
0.8592793488484857238236220247740588973290459209203501659699767996297948869152748e1
0.9612350084832825737070508388498526676571685519024218428766646688217164615230752e1
0.106294030069514233769469120455888915347996475909788521479820367065347589560348e2
0.115509407503560201136376443322380364409947387204971813788972986186626091754215e2
0.1226193029854410625648025812885640598466764703475907707250978621074099535642039e2
0.1264638880783029170724213822668803034726580248855450858732822070631166799010936e2
0.1261999946749676289071492848642706000279753730845774277576696336247257423250654e2
0.1216138700101516957660771682767610747958495831472759998715824268907187746023541e2
0.1132443650069569027207565753075945855739605992486627838087873001024860858428248e2
0.102230031278129337933908504208186639467797230486774327589968209443669702565747e2
0.8996456049559515529009320491355351727871531863738831689952466457677900904844544e1
0.777434558383321093966313789376729509574486846929487528769405715892495596493526e1
0.6654159610350683411635878927188237871200637675797470523271849703321798413364109e1
0.5695123705793795382784684258060743725523527021647687722318076483649273047867443e1
0.4923235930040387262593305785266780216822917540946884148383973979875636823710683e1
0.4341055023103913841837892963139159357325862893139420414214345060212193013957798e1
0.3937627143520625914427031793189742974427601050571550989393170759798315924736025e1
0.3696380863090413751578487631498542666142252923057270341853528530959031452934535e1
0.3600507445599204430114974733541536585271147787641073190699595917124834021968943e1
0.3636157115364204655121239595867364842990308052791483650378268979958317815739103e1
0.3794017785013619824757565745202150236859166766541884863430051747148987329617186e1
0.4069786395996235911313422987896010712064113228170338200120791259148067645051882e1
0.4463867560301443302102211991729713185793220379009808131760647521825613243113935e1
0.4980419076627564308695928403136000515000993163328642030672587037518096185123713e1
0.5625635979131797502486333180766996076721855453760925786146670561788366775355617e1
0.6404936072874309694898584076410916379837957825558312607950402653061639222203047e1
0.731852023324920442547382626528194178093909818637250593519375640535174101164669e1
0.8354760537997128549283329156078028113246697678733889246158973451353366596960275e1
0.9481320281361543171936415836238208391548429788060237574919914454413565191493326e1
0.1063532128740934121152914679737877010681321912052798399450643946131798542995146e2
0.1171660957204505097840078518135569849449378239036747315695926631462778715836344e2
0.1259144345019482343417632325369827429936657574858193419206234039804904530977397e2
0.1311439533310435948759487809522226860856589392580299610229676072149419911348058e2
0.1316889860498870213677903670529443176419517984007931396691107166053430740233968e2
0.1271166187482286528085595898600796456962292639072580898139346432504966436741567e2
0.1179535774043944896521470100760571871611179468448708407666311518782592700059849e2
0.1055323973810662998886645019227193010102763989158210033587176322942631694726401e2
0.9154656432208722773250873177380654764701227117014972795655515989358262400233063e1
0.7757509921521460289807185674897143078236201022424395848895431373575225539625041e1
0.6478535010619716417959947160017230282324839256763593766666786658705376029568552e1
0.5385732730622120790139069219941587097156208572410939829246136723209470842803428e1
0.4505753195028590323741675715916195877017344078548255791151497373227442722798503e1
0.3836993761216283997059308038505816881208816258258664187847220456204065554288396e1
0.3362264092692867234920327868640256102540008862794949906638463346877149178959833e1
0.3058435601843678129423706974913854140940327227778531703011808597762451843119563e1
0.290273796848731652850318712919871717923704250108556025792484803966303420005344e1
0.2876330954071961990780246001309928797742967085328961709743507095280370276310932e1
0.2965992059686523311362711167023849829691198195840565953501946388778704001389425e1
0.3164641468238891417244369907653779801410823289575849438502430963453141567364589e1
0.3471202439608079461699567936599545829137850126974662723895984562094263402191496e1
0.3890060200190956222374971244182437200569862330525873459792916160374102614505804e1
0.4430154986385629743079698439093587529150992125426543437524797669596060286653843e1
0.5103510686298180345173535939417607087941639392681240221826229846705234990071882e1
0.5922736533445777863201998716155096197595292213346853812004179541062448857792424e1
0.6896747887334470912828541305942648162019331548589795323972470331525665865265341e1
0.8023730428715992278317452888113058783523202221434237363520262550253380136445928e1
0.9280544582788119888575626550401054741307251280189282977245530878753256321934634e1
0.1060904239552448520408227216171063576685335063455565193701402490468010500061179e2
0.1190312120978702485766853848417071631196080304574418639955351279161678902178184e2
0.1300582781855369672050811270099309016804691288586753306690220440604463019697889e2
0.1372980978697696243131875631867112270447469629446804986486338611853989275120432e2
0.1390808548251793236935597426867452102297439297273881387300923145717688566233421e2
0.13459825594651476969401604799015972509820345646309920263389238872832072561531e2
0.1243251792688704776169949030261267775867989012795512766182735540273862462949323e2
0.1098851411449030350181336006805715428185494314955403693659572811745815189278292e2
0.9343943029788806244681452701438385701679899085996580866046461315809126522304229e1
0.770021525881179433241551487469495603273547416601248038089828780503635227213465e1
0.6202083101332978233088696662316884116863114829850410116627293547507130583226039e1
0.4928713989908570170851246625742483656978543538400660987070394879881186702812699e1
0.3905673672747003400396844244391422864608341879042309667160242344277217203889147e1
0.3123613001499138624370907399839282946412751938388529645363280932601302511449637e1
0.2555128358048400786771236594647706373783870586484999854811353015725597079529613e1
0.2166825654698638027844183523672453104060039313975716663229700950286612134750966e1
0.1926675361600720532584590022794224441628736777528262942079981796052726342582857e1
0.1807827638666255688667904869110742758783872474324658304144222298812782185875855e1
0.1790148011603853940905393495011269361067035137191992804581779269103189783333104e1
0.1860474790870618038731044130839411948419531827952564417137222817777576704822596e1
0.2012284327972789609241778209544922024682209021584478678547825166886848246162279e1
0.2245182082503834860650299340919849730459341438729793989929560065046563357074309e1
0.2564433961570193803661140370398041025800208937096352423139582515687761111979685e1
0.2980596859125426770444310242282432831008470242524878293447347701166415040036687e1
0.3509168158295461306910893819393465606289921029932424717321720505588549305751905e1
0.4170009144479346958008461330202944460784754148115555875219283510200196214745755e1
0.498605423288950857955385385919358158367302344537109403462058276706255833665391e1
0.5980440703258397624031527242180858808918931366944055319404005895001163610661899e1
0.7170665404124533439908233840218565012310459197074426551122265274500129928657338e1
0.8557858314153095508588544416293960711098107338244967900361985981212653926845867e1
0.1010943173252191760992557186218571453614572642137540529389425004246077433130834e2
0.1173588129421108950121614159703708335340993961518209899777285236806763564806407e2
0.1326983229631548755190801818075738054444175494976602330915088616491804900417824e2
0.1446741531290869630691963297868664073256381648681967293498824023521231214217968e2
0.1505793562286003574776301911326218720485022046018643978451716268122537071072939e2
0.1484495376723889692471972531478969816376889715212278742448793287610019803438351e2
0.1380775202861671652498664329335751623691501883161818276196511143883893010069532e2
0.1212405724193165201298681439999708991813956178642335116431285134054978411440596e2
0.1009092551235056066943348877924820686934022192223619905174609355739830325279607e2
0.800639155182157463647317234025207690292369408146481430882618350297084566873218e1
0.6088163401026663744001306537991349816199968640299072227124837661908651269442441e1
0.4452758768880556222330999123467449041072529058542728042640249948907750147016904e1
0.3134131960258879886555164659973984532869841446286297017696298111939027492263693e1
0.211409079380596417135207067217692235821586742610097963802343571775180203543672e1
0.1348703609565987798399005267613882805124378432702384477532228069481933361413841e1
0.786099209452649661592891007203510276526084658452951014720347089955270642690843e0
0.3765004263192444813509380206028759565298607577111211495783066927039568722729059e0
0.7680655973300867751959822042337144205349502635593806104547463985997386974311643e-1
-0.1481400333877962979590195468131785414967702794034558197315623731487702267614151e0
-0.3260663610568908190529997928016765545201816032143496346904026108305387106533311e0
-0.478585899608189503866319429489377450642165845295719778082154859045886206373129e0
-0.6227632192919291872163323125586278102515575716623516812407370837411221056256811e0
-0.7726463260016385789351222759246957030447539360972078115448221780543877991789233e0
-0.9406572525394496331040540886077477204584404585108527179143306138882374122478662e0
-0.1138827475033865095429891130256629579183545831108381630828379158311354845913672e1
-0.1379911841187702197044659046456084412970484759433013402177567147329477531672331e1
-0.1678429376550715272776817679660013567186112274198733439765342054063324049696727e1
-0.2051668716719861475218275968605866094156780407315383775357363111320842169097339e1
-0.2520656228165953021417952259172501107059825804580841350239204801325713493735558e1
-0.3110997239428014025427380061534235846316953718560636460414456749960652009068572e1
-0.3853322778178671422135062596695525390734846034487127027437851195168885844366313e1
-0.4782727672680503906622244714987984840248957678366614969623079985363191071469053e1
-0.593595178438300429508451583568802301237471644606388766382955576879544976703345e1
-0.7344022911505327969486289691473953030722355030321235412407617084906941148687214e1
-0.9016788272586416876726520525112071974342522069057634269796297414911594964548606e1
-0.1091534715339064864817827584940232506242511596521872946708647179439723977049939e2
-0.1291240707734599648335585736495576035856067709577538335457673302274781694457411e2
-0.1475530811360735683723618510392060769239672856966040600990220327328886243609724e2
-0.160727971566745419779673567526245881691598315283427385904680165297296184900406e2
-0.1647707697013553840147829056443388758416293113630376968036759335122855391092542e2
-0.1575058602354574171379262147920444486311996654713610641164807401788955566781285e2
-0.1398814828138191113196293869968109633164124843657325549334341490289555192036431e2
-0.1155661258454146077027404490567051466086479869888354764966583491686806360504392e2
-0.8906399274534244433019632245039658459078379587858312138968132298638829257524839e1
-0.6396803277376088239873271974741286082438298815972379568708516478021857528718161e1
-0.4229975201716257738835173342532481552963864549653987022368445229919000758338277e1
-0.247165836656818535692637392652031140301197237871660820051267991593335184639061e1
-0.1101323109993856778860266631949927722568752931243646962531172664117982929179877e1
-0.5657079433370670657294362436708356898360082931967766272885909190546787279125544e-1
0.7379369151998807331869791769647243292598704767284784037440925297090780230305193e0
0.135501054448975770435815949720202673225529430676878627435121948395238948950495e1
0.1858354600722102286043328847926872319332596984241010980895061041992641915203446e1
0.2301058443055248976566680971304598236852218270139820484157347816694996922697311e1
0.2726618097999815108595047419408177637872795573374018672935538166257855207885947e1
0.3170958067521250954013227272496085966230975417854645684564039904298300289371386e1
0.3664564748493489771191927989109994570180120714440710143370122832906049528943338e1
0.423419307391367634292977721981123658600202860261989863498875520157072740296659e1
0.4903738831570927133112496650786819868491533849429307916752592664151261175063443e1
0.5693832227158957842780786005096305548415517598905856374686948708588089697392468e1
0.661955340216096896015978262820643125176995720970446113109795026505153577859574e1
0.7685499591209262712156882140530146958431588154267076176481157167597296678213021e1
0.8877503248017043543397381442081184500299424125163458177731874727858185869059309e1
0.1015115821667447103747527189839256285125743077723067032259261725068563221201182e2
0.1141977598558438099016814053056207793164334702655073788334366840356437674141936e2
0.1254883131873035449670732053936081599349476714097571620798735008176314573230538e2
0.1336823083945261369389314507062084565123076749003144520629809771199297539704111e2
0.1371127888040312152155690646823937346513522765527647255382394940488956114661118e2
0.1347326784768928808799833736507583688457714296817974048527987957554487696026159e2
0.1266006075594026693670477826078537144906371349146381150876219320965014358942928e2
0.1139293717093689837256502471887061282553393570441471486546643843919651435964066e2
0.9864256168490393660504005137847436338455758320430230039849300525035783781552248e1
0.8273268959729624266953197645723425242638294947203280931509470151545270919752458e1
0.6777478994827628359486355470532881395142421976539683201971891329673208203168592e1
0.5474120766642633018510905172674228756542293296910887242402572592920229324582683e1
0.4405380719667100613296455814784933940058997606235124143267851864909290258044467e1
0.3574231976454706643131532919015068090767282011576300510072410450862714701712521e1
0.2961073419601402599844063721613468748480838040738680563865536242319079721989296e1
0.2536729044650242670221326422094600343097626630237905745319415051344426306865877e1
0.2270977569426033333657512018807495676040372296723834048991449803661031895030122e1
0.2137376726936642166275134349187037007475238811386379891331194102021398721736463e1
0.2115531419257622204020851704099180035507682993274986261107096681077653786361046e1
0.219182317410439705004301782663627523746086878132338941303932973556086245856171e1
0.2359341269341540294041942611626743905293834748362351509642896270170245588474461e1
0.2617484755081751710572939443486712747230781981005554679809431982875372553165607e1
0.297148049052476926277960189733626890366994076605788089934161553977144231658042e1
0.343187740752313936357690380988453531328994994779027968108704453808822648428347e1
0.4013901265392616974676158764614685419751988821290978078043939862083409187253836e1
0.4736344259043943095438955647863410469655348756736941088106374190533845046609404e1
0.5619371884704628224524131257014526613076616807595019227006552801758741724657123e1
0.6680226806415268979101291316768237004628221192226905850598940387533819888596281e1
0.7925367330546333333379857983467612716903225199794356286120271470370602102727831e1
0.9337467275678104422308385883772894591823616192669825513371972488369814655344263e1
0.1085693365700957826831684995492727127987598015488408311078299737223826732357527e2
0.1236194835274597453314201526049387285320870166910727725335135823570365141397246e2
0.1365962592353868628313269997818015298776798332744164485310268007815785993663408e2
0.1450924580917540175922565895039105042338286611009856391571157369006822925144599e2
0.1469176631731983705824256458157588077598208925233123957618781716131691256494139e2
0.1410472985931911148975699114943059013955859607578881968385745311628517591499703e2
0.1282145105856889459113313054121793103769912552888303825194353902058419933834546e2
0.1106485288860894773002058845770301186324689315310909329045258551423295324836381e2
0.9114589686532835147351343215352290579310779831726753689421808145954391902278857e1
0.721375353453555712603733152526414741230374662935157084827061361592074713046132e1
0.5521445474866777240200686326730358891288483104406050028154943854483600472863668e1
0.4111485159129964642758398090773975534540945218084147141314272775387624051524461e1
0.2994663354953999844222967051165268227217331396561607897674060165425147773639705e1
0.214478163171840256974153922955451431175927741612434637246652736035559049136594e1
0.1519188328961398314598335160744894319792255937604040910449697357403159611345584e1
0.1071964068183127088454288947031109476296573805318023096750906915743795456367036e1
0.7610606042746911201537894978143551881358953527898659733904906434920672006437251e0
0.5513574236538931104168569409178227137877883438212418948435975733562149874659936e0
0.4153074869624482225917066433023185714993377588129339862727398523781917893418622e0
0.3323459396616370897197578306674052646577052546046386372755324124844109536880972e0
0.287798320612309868564511650519130155775392554454586100759404002788760473135364e0
0.2717069803494750715610308697299736070113574794841736986553233245950174634936065e0
0.2777863059604230235379177272788476505064977622680427861789291468098679890814925e0
0.302592447364600583366971388841298408695347092003487896683825815222457854786531e0
0.3449255546374619823813797167762955592182148773975804408850725483259411891548218e0
0.4054513603509955105071824704023365922946360758671468184352043299654396008941817e0
0.4865194293844172413978222081468929486977607621595323005980544689736401532692708e0
0.5921577020191590076465933507373021818955455617239097468414558686894412769738668e0
0.7282309247563240666859093995656989323885815483446818456771809018284853044673637e0
0.9027603991420721077676241382182760520543774681469931429803608697940748556703243e0
0.1126411387604551779661872988038495127702844307812039795172014273739521493138341e1
0.1413159138825576198182497063103677097449173755088042426539588266141227490893705e1
0.17811385614048867182806711537541957289980265350891346776258719971773059420172e1
0.2253652639326738467723013517610890926433372690362622803409522720383826893975513e1
0.2860231909585483754697425285232897279607728162637910292729591246925340015461794e1
0.3637442102970005486917647965306863419602669179697528295994481474125798075464009e1
0.4628713767523469004316016139333910762163465272729297380350921342732990465274778e1
0.5881617667688875738703493521866582228172009944922334181394542255136522022052175e1
0.7439480966217153502635924397550456428308237817129968939384378520204716106694045e1
0.9322037427068460802695149942617069954148098429363455741343803409779176594635113e1
0.1148837349657839795929549785359323227501542051665232003101035498684566585342247e2
0.1378038414430540966661460353263078814880881869096982002167436809247826524709768e2
0.1586783306772170973312786859618760312535208171419606753983383869288722078600149e2
0.172605886328573707649627671499861895715320649433011830280827566492106973729888e2
0.1746965883283407920840284743416445057034893577190035603894684408264214039995583e2
0.1628262049430829762343971704566746395804862006746984760570347237125068023217577e2
0.1392589071290736225429092616098369115670910978933611873239876121160432255919832e2
0.1093464695056755933635361441626669201069381225633282735377035438876047789526979e2
0.7863341649738002565079018143197170638120511503135659295625714129922094045759587e1
0.5088708897589968605557541418771411220147956923548796483788381081401555041931018e1
0.2779237142065319004809679832580765865641200710643697975426425686651557039733733e1
0.9543601430168287154738478084936965446499882365805965878002302307406306897130794e0
-0.4457029624959889792828097210212848160054487211482148160610043493375206968541673e0
-0.1510632672473459124004270436919040314605355461998733549215185082966258445460172e1
-0.2332649351285601409228002969106554668623407360991533104175598733877026070260924e1
-0.29941071288883133401456817910630055638208307563795657447227712270202895407468e1
-0.3563520673587043238626935372705521790833789339691571969681830011894543354985913e1
-0.4095723175777985028789039985101591174921284654830162564402114187591827359576519e1
-0.4633631838990803851977147666188753284362182479825340664119161914117291963218726e1
-0.5210190394658876695273096558796636706622526708389438433301887872173634508639339e1
-0.5849657374565652221784352062454886837136939636373304668094030494812352837561752e1
-0.6567713816634458269551025497976592158712537190070300994852301013897967327036287e1
-0.7370036968678013083537153173279708504726046395652040277101908490729261542392777e1
-0.8249193233207199170735211141492673469003836601300437548329510030479731254023354e1
-0.9180151017060603945536813748355253018201409437521756983197790175324742772833386e1
-0.101156218181622579431607084132926153229181895973429613609358822643601183338234e2
-0.1098384121383879520859643737355290185935864616476758047365787554534833134210293e2
-0.1169271915636122754048803517865170995929360324802210219909352013515544956575468e2
-0.1214394826040378404231009774057893970389415094523765063374801415494262742937759e2
-0.1225677834840098337396266812785362441844282650321878071485822758614386119359055e2
-0.1199412934719052826705665058957990516616685867285300393244917455345476486097983e2
-0.1137848915519112875716179617215378999309656198416945164620614424350502770078364e2
-0.1048805464435563112979904866353281959655392655077417552369036274823111548626508e2
-0.9434574405150360169789947525330694408832230886187276248421501367735035277431217e1
-0.8334405382922811873050831508075968113853100548147213312467422019013590966547561e1
-0.7285402714118701100337647709185844587819821028266902913453632575215915568411684e1
