-0.08654213744975436 2001 -0.0891616905300756 0.4976610233121688 0.0026195530803212325 48
-0.14789296583256117 2002 -0.15079927726874431 0.49600289281533616 0.00290631143618314 28
-0.20102826290177234 2003 -0.20832884528228354 0.49456680370535755 0.007300582380511206 28
-0.25809301989374944 2004 -0.2678522153631902 0.49302451297584465 0.009759195469440762 1
-0.3166495677715737 2005 -0.33466276036615544 0.49144190357374123 0.01801319259458173 1
-0.38441206905777037 2006 -0.41386366346260894 0.48961048462006024 0.029451594404838577 1
-0.4655616455653231 2007 -0.510907934223762 0.4874172528225588 0.04534628865843893 1
-0.5648329545608846 2008 -0.6321095218546171 0.48473424447132746 0.06727656729373255 1
-0.6879224085066902 2009 -0.7851726720362538 0.4814075024727922 0.09725026352956367 1
-0.8420516819482771 2010 -0.9797841049966783 0.47724184643383033 0.13773242304840128 1
-1.0370291127453264 2011 -1.2283091704229734 0.4719721861420182 0.191280057677647 1
-1.2881055406891129 2012 -1.5466254826052925 0.4651863367381321 0.25851994191617966 24
-1.6073949699373458 2013 -1.95510713038304 0.45655689270439603 0.3477121604456943 24
-2.014495974269625 2014 -2.479720515795488 0.4455541628575777 0.4652245415258629 24
-2.5346957651675535 2015 -3.15306934436314 0.4314947090495256 0.6183735791955867 24
-3.1987701426569988 2016 -4.014950910087272 0.4135467529011622 0.8161807674302732 24
-4.04578557672837 2017 -5.1114087753531 0.3906544438722062 1.0656231986247295 24
-5.125284259542303 2018 -6.490151732333282 0.361478803796154 1.364867472790979 24
-6.465576316789916 2019 -8.188335081473097 0.3252546941408131 1.7227587646831815 37
-8.109523513969453 2020 -10.206443976066042 0.2808236888116364 2.0969204620965893 46
-10.046917350398623 2021 -12.462169058837295 0.22846169323246968 2.4152517084386727 7
-12.183035304237261 2022 -14.729079311277564 0.1707287755611551 2.5460440070403028 25
-14.341917107247781 2023 -16.59853752837012 0.11238061872303298 2.2566204211223386 25
-16.11770181443717 2024 -17.547554306912605 0.06438643744764413 1.4298524924754368 15
-17.080726200716025 2025 -17.166623469293306 0.03835875133199932 0.08589726857728053 15
-16.84390835372878 2026 -15.424382214902833 0.044759233683006 -1.4195261388259457 15
-15.364563365781597 2027 -12.712414854704646 0.08474153065455142 -2.652148511076952 13
-12.963192985897997 2028 -9.612910021498505 0.14964343281356765 -3.350282964399492 20
-10.119285966800271 2029 -6.6216806499604415 0.22650578468107374 -3.49760531683983 20
-7.296012191295084 2030 -4.024480377192065 0.3028104813163491 -3.271531814103019 20
-4.781702683494778 2031 -1.917287594044763 0.370764792337979 -2.8644150894500156 8
-2.708481353097566 2032 -0.27766881601894594 0.42679780126763334 -2.43081253707862 5
-1.0649126496552803 2033 0.9721633286861859 0.4712185770363438 -2.0370759783414663 5
0.19056655453700344 2034 1.9258290011475503 0.505150447419919 -1.7352624466105468 4
1.149743407000706 2035 2.6726569923802717 0.5310741461351542 -1.5229135853795657 16
1.8905497228446748 2036 3.289545095934031 0.5510959384552615 -1.398995373089356 16
2.4901647484803995 2037 3.8391697874930797 0.5673017499589297 -1.3490050390126802 9
3.01228950733465 2038 4.371070894600397 0.5814132299279635 -1.358781387265747 9
3.5048394009946833 2039 4.923622635907787 0.5947253892160725 -1.4187832349131035 29
4.006059951906995 2040 5.52576324138401 0.608271890592081 -1.5197032894770155 29
4.564743600439449 2041 6.197811065394625 0.6233714486605256 -1.6330674649551753 29
5.1773226960890995 2042 6.950930361663236 0.6399276404348405 -1.7736076655741364 17
5.889686091023062 2043 7.784985014142459 0.6591807051627855 -1.8952989231193964 40
6.697347075927766 2044 8.684814950096614 0.6810093804304802 -1.987467874168848 40
7.60426512729406 2045 9.61560494941849 0.7055206791160556 -2.0113398221244303 40
8.602317371425325 2046 10.519149349793755 0.7324950640925764 -1.91683197836843 45
9.6399354470533 2047 11.314250714144118 0.7605387958663055 -1.674315267090817 45
10.671404878631925 2048 11.905213201353178 0.7884163480711331 -1.2338083227212522 42
11.593036707148674 2049 12.200563191502717 0.8133253164094236 -0.6075264843540431 42
12.29070081329154 2050 12.138619116714048 0.8321811030619335 0.1520816965774916 42
12.666534182974843 2051 11.70975950203961 0.8423387617020228 0.9567746809352329 31
12.618682874106423 2052 10.96343510392298 0.8410454830839573 1.6552477701834434 0
12.141125599592527 2053 9.995156443806202 0.8281385297187169 2.145969155786325 0
11.28276575132779 2054 8.920158110498225 0.804939614900751 2.362607640829566 0
10.155430800199245 2055 7.8465814597583075 0.7744711027080877 2.308849340440937 0
8.904463458267802 2056 6.85801200761069 0.7406611745477785 2.046451450657112 0
7.671826383774302 2057 6.0078183659259645 0.7073466590209271 1.6640080178483379 47
6.544624223442739 2058 5.322232871538764 0.6768817357687227 1.2223913519039744 47
5.584356363425627 2059 4.807576585489072 0.6509285503628548 0.7767797779365546 47
4.812140513849055 2060 4.458070016458538 0.6300578517256501 0.3540704973905173 47
4.256144257576462 2061 4.26235012222254 0.615030925880445 -0.006205864646077863 38
3.8629357816374714 2062 4.208103218120494 0.6044036697739857 -0.34516743648302217 14
3.6377639333489995 2063 4.284918114246138 0.5983179441445675 -0.6471541808971386 14
3.5566322259947967 2064 4.485710656621679 0.5961251952971567 -0.9290784306268822 14
3.6047556912184184 2065 4.807061408401594 0.5974258294923896 -1.202305717183176 11
3.7648670431473903 2066 5.248676765094832 0.6017531633283079 -1.4838097219474413 11
4.04145342191217 2067 5.812005045325031 0.6092284708624911 -1.770551623412861 11
4.43377573557223 2068 6.497856753960555 0.6198317766370873 -2.0640810183883254 30
4.942616152383373 2069 7.302742529297234 0.6335842203346858 -2.360126376913861 30
5.57851296292716 2070 8.2136552146913 0.650770620619653 -2.6351422517641403 30
6.343191898605628 2071 9.201381858861268 0.6714376188812332 -2.8581899602556398 30
7.228329058531589 2072 10.213418999910246 0.6953602448251781 -2.985089941378657 40
8.243916612752894 2073 11.169333697225714 0.7228085571014295 -2.9254170844728193 45
9.342081632009055 2074 11.9634075553936 0.7524886927570015 -2.6213259233845445 45
10.480259096750615 2075 12.479648839092267 0.7832502458581247 -1.999389742341652 42
11.5586391155029 2076 12.619895710495982 0.8123956517703487 -1.0612565949930826 42
12.456169170002358 2077 12.336466702110238 0.8366532208108746 0.11970246789211991 42
13.031846854778408 2078 11.652992494659335 0.8522120771561732 1.3788543601190728 31
13.138926358295606 2079 10.660236849120674 0.8551061177917731 2.4786895091749326 0
12.74491938791671 2080 9.488448261725141 0.8444572807545057 3.2564711261915686 0
11.88394455337864 2081 8.271502027872119 0.8211876906318551 3.6124425255065216 0
10.675827849631105 2082 7.119242388760442 0.7885358878278677 3.5565854608706626 0
9.291292509490958 2083 6.1052676008036775 0.7511160137700259 3.1860249086872807 0
7.900016224925444 2084 5.267962901354575 0.713513952025012 2.6320533235708696 0
6.619372388125232 2085 4.618667234613519 0.6789019564358171 2.0007051535117126 47
5.5178927300401455 2086 4.151593593532623 0.649132235947031 1.3662991365075223 47
4.625541932588387 2087 3.852457393208717 0.6250146468267131 0.7730845393796701 47
3.9507588054847247 2088 3.704748883268045 0.6067772650131007 0.24600992221667983 47
3.46399821803033 2089 3.693703216718488 0.5936215734602792 -0.22970499868815786 38
3.155160070204655 2090 3.808453435222359 0.5852745964920177 -0.6532933650177042 14
2.990019765663561 2091 4.042894524620088 0.5808113450179341 -1.052874758956527 14
2.9572798309416335 2092 4.395652921040812 0.5799264819173414 -1.4383730900991782 11
3.036414834935009 2093 4.869356129572785 0.5820652658090543 -1.8329412946377763 11
3.2345633889351753 2094 5.469176095906235 0.5874206321333831 -2.2346127069710597 11
3.531450943143394 2095 6.200394772047142 0.5954446200849566 -2.668943828903748 30
3.9411725509520537 2096 7.064540494256841 0.6065181770527582 -3.123367943304787 30
4.468987167858149 2097 8.053565654499444 0.6207834369691392 -3.584578486641295 30
5.120375313589886 2098 9.14181631050499 0.6383885219889158 -4.0214409969151035 30
5.904413219011001 2099 10.276602632554486 0.659578735648946 -4.3721894135434844 40
6.824060702361905 2100 11.370437215498939 0.6844340730368083 -4.546376513137034 40
7.876644765567505 2101 12.301133027489437 0.712882290961284 -4.4244882619219315 40
9.044475048952002 2102 12.927532416380007 0.7444452715932973 -3.8830573674280053 45
10.266147422273448 2103 13.124072516572603 0.7774634438452284 -2.857925094299155 45
11.462618390485652 2104 12.824524958824957 0.8098004970401528 -1.3619065683393057 42
12.502792759325715 2105 12.052193049562723 0.8379133178196139 0.4505997097629919 42
13.24882022211095 2106 10.916312869548117 0.8580762222192149 2.3325073525628337 31
13.555259453235685 2107 9.575661842298317 0.8663583636009644 3.9795976109373683 31
13.301155321776218 2108 8.191194652203693 0.8594906843723302 5.109960669572525 0
12.513125152047234 2109 6.890943004148114 0.8381925716769523 5.62218214789912 0
11.281812022358494 2110 5.7563135975916895 0.8049138384421215 5.525498424766805 0
9.78047774813972 2111 4.825475438610888 0.7643372364362087 4.955002309528832 0
8.210403147086904 2112 4.104931014068201 0.7219027877591055 4.1054721330187025 0
6.738711236485059 2113 3.582250084236365 0.6821273307158124 3.1564611522486943 47
5.458426958411934 2114 3.2364646846292957 0.6475250529300522 2.2219622737826383 47
4.418727923597899 2115 3.0452185931207922 0.6194250790161594 1.3735093304771069 47
3.627201703554853 2116 2.9890480520866145 0.5980324784744555 0.6381536514682384 47
3.035825891183979 2117 3.053569625974513 0.5820493484103778 -0.017743734790534038 38
2.6627221054062638 2118 3.2303164617304145 0.5719654623082774 -0.5675943563241508 14
2.4429883418212306 2119 3.516769097397051 0.5660267119411143 -1.0737807555758203 14
2.3635415638699158 2120 3.9158954826799723 0.5638795017262139 -1.5523539188100566 14
2.3828594814897883 2121 4.435284495316864 0.5644016076078321 -2.052425013827076 11
2.5127447910739704 2122 5.085722861988357 0.5679120213803776 -2.5729780709143864 30
2.7313722000895524 2123 5.878808762326318 0.5738208702726906 -3.1474365622367655 30
3.0488881071927167 2124 6.822918332419525 0.5824023812754788 -3.7740302252268085 30
3.470753312124156 2125 7.91662856738751 0.5938041435709231 -4.445875255263354 30
4.00574745892709 2126 9.138836773745878 0.6082634448358673 -5.133089314818788 30
4.680585594630131 2127 10.435929070784239 0.6265023133683819 -5.755343476154108 40
5.504257312916099 2128 11.709319517538258 0.6487637111598946 -6.205062204622159 40
6.491682316156215 2129 12.81165815007962 0.6754508734096274 -6.3199758339234045 40
7.654558933827403 2130 13.563982079332204 0.7068799711845244 -5.909423145504801 40
8.983599229354926 2131 13.801314075299006 0.7427999791717548 -4.81771484594408 45
10.422383928330856 2132 13.434769455971175 0.7816860521170501 -3.012385527640319 45
11.865986526402338 2133 12.49560541603293 0.8207023385514145 -0.6296188896305921 42
13.16075065631592 2134 11.128970963635956 0.8556959636842141 2.0317796926799634 42
14.087369339757082 2135 9.53996784564609 0.8807397118853266 4.547401494110991 31
14.42964524646868 2136 7.927518370142197 0.889990412066721 6.502126876326484 31
14.064540022896168 2137 6.440218831932165 0.880122703321518 7.624321190964003 19
13.02033933765533 2138 5.163752290688312 0.8519010631798738 7.856587046967017 19
11.4611677379119 2139 4.130114812910434 0.8097612902138351 7.331052925001466 19
9.644094822369489 2140 3.335010721131079 0.7606512114153916 6.30908410123841 0
7.815102422983738 2141 2.754473084707143 0.7112189844049659 5.060629338276595 0
6.1450428188925414 2142 2.357192341605385 0.666082238348447 3.7878504772871566 47
4.724861188133865 2143 2.112278396861857 0.627698951030645 2.6125827912720077 47
3.5835138814627747 2144 1.9934527848803747 0.5968517265260209 1.5900610965824 47
2.706451434785283 2145 1.98087372594 0.5731473360752779 0.7255777088452828 38
2.055545083123935 2146 2.0615909638289573 0.5555552725168631 -0.006045880705022544 38
1.5999863447544058 2147 2.22933009892338 0.5432428741825515 -0.6293437541689744 27
1.2890689367623906 2148 2.4840381825424136 0.5348397009935781 -1.194969245780023 27
1.0934809707867998 2149 2.831409826505916 0.5295535397509946 -1.7379288557191162 27
0.9916334865623035 2150 3.2824421202398284 0.5268009050422244 -2.290808633677525 23
0.9623857108849769 2151 3.8529049610855246 0.5260104246185129 -2.8905192502005477 23
0.9856886399839624 2152 4.56241702585007 0.5266402335130801 -3.576728385866107 23
1.0663402413345793 2153 5.432535031687044 0.5288200065225562 -4.3661947903524645 48
1.1986210965890507 2154 6.482854883291604 0.532395164772677 -5.284233786702553 48
1.3829519732387965 2155 7.723629062104798 0.5373770803578053 -6.340677088866001 28
1.6274148574459382 2156 9.143138300420786 0.5439841853363767 -7.515723442974847 28
1.9393430313833022 2157 10.688964770935032 0.552414676523873 -8.74962173955173 28
2.3349108112107224 2158 12.246260561597465 0.5631056976002898 -9.911349750386742 17
2.8344517729839467 2159 13.624776516514254 0.5766068046752418 -10.790324743530308 17
3.4618815904225784 2160 14.576520895587366 0.5935643673087183 -11.114639305164788 17
4.249217523445999 2161 14.86267564774942 0.6148437168498919 -10.61345812430342 17
5.231886854936967 2162 14.354423442288686 0.6414023474307289 -9.12253658735172 40
6.435558067775631 2163 13.10531458874258 0.6739340018317738 -6.669756520966949 40
7.88785450489549 2164 11.335033349883936 0.7131852568890673 -3.4471788449884464 40
9.574306371485513 2165 9.335028368259525 0.758765037067176 0.23927800322598713 45
11.430477327764557 2166 7.365956190309233 0.8089318196693124 4.064521137455324 45
13.278727842723992 2167 5.601957377013689 0.8588845362898376 7.676770465710303 42
14.856633749138133 2168 4.126050283992732 0.9015306418685982 10.7305834651454 31
15.807440100362143 2169 2.952829985209305 0.9272281108205984 12.854610115152838 31
15.864460813510249 2170 2.0562926169920357 0.9287692111759527 13.808168196518213 26
14.901929903837143 2171 1.3920480059514793 0.9027548622658688 13.509881897885663 26
13.09631940123008 2172 0.9116358980456444 0.8539545784116238 12.184683503184436 34
10.782358868500129 2173 0.5702862904389322 0.7914151045540575 10.212072578061196 34
8.33481978838449 2174 0.33024396205824097 0.7252653996860673 8.00457582632625 44
6.040717194983863 2175 0.16146747095525368 0.6632626268914558 5.879249724028609 44
4.060148379823968 2176 0.040970387136879775 0.6097337399952424 4.019177992687088 47
2.439843000942762 2177 -0.04840373676555104 0.5659417027281828 2.4882467377083133 47
1.1923916423793806 2178 -0.11932652254105601 0.5322268011453887 1.3117181649204366 49
0.2219973326944107 2179 -0.1812303004669054 0.5059999279106597 0.40322763316131605 38
-0.495430207342487 2180 -0.2413712292741745 0.48660999439614905 -0.25405897806831246 32
-1.0741221599025224 2181 -0.3057032612624307 0.47096967135398593 -0.7684188986400917 27
-1.5523889466449852 2182 -0.37959392208588744 0.45804354198256797 -1.1727950245590977 41
-1.956799175145317 2183 -0.46842841001908264 0.44711353580688334 -1.4883707651262346 41
-2.366467483602076 2184 -0.5781525860933805 0.43604141936210605 -1.7883148975086953 23
-2.7871232444713296 2185 -0.7158045319638866 0.4246723447440181 -2.071318712507443 23
-3.263248982168191 2186 -0.8900818937966732 0.41180408156302184 -2.3731670883715177 33
-3.8107940402141587 2187 -1.1119891249287315 0.3970055664806984 -2.698804915285427 33
-4.467317737176055 2188 -1.395603318436064 0.37926168277902556 -3.0717144187399907 33
-5.252976504538335 2189 -1.758984007341135 0.3580276620395045 -3.4939924971972003 37
-6.188080259147426 2190 -2.2252181162544526 0.3327545875906101 -3.962862142892974 37
-7.287207752747319 2191 -2.8235082046742233 0.30304843911493734 -4.463699548073096 46
-8.549269568750951 2192 -3.5900226309876335 0.26893866030402835 -4.959246937763318 7
-9.949612616983602 2193 -4.567818483482867 0.23109155089233507 -5.381794133500735 7
-11.391988662690512 2194 -5.804328565666438 0.19210841452187807 -5.587660097024074 25
-12.728250038616304 2195 -7.343420386467593 0.15599324219955935 -5.384829652148711 21
-13.779908308027878 2196 -9.206861307527747 0.1275700457289763 -4.5730470005001305 21
-14.309584511043571 2197 -11.358464442549273 0.11325447267449806 -2.9511200684942978 15
-14.164008872963647 2198 -13.648521783108542 0.11718894937936089 -0.5154870898551049 15
-13.31916540085767 2199 -15.757636189938978 0.14002255673357647 2.4384707890813075 13
-11.91833154411375 2200 -17.202765834003948 0.17788293124016893 5.284434289890198 13
-10.184328361096146 2201 -17.488603266231433 0.2247478821325366 7.304274905135287 20
-8.373322619249338 2202 -16.380623827184614 0.2736939832635314 8.007301207935276 20
-6.665567402192865 2203 -14.080533884618688 0.3198495296704631 7.4149664824258235 8
-5.188303416523578 2204 -11.112589647664738 0.3597755833372006 5.92428623114116 8
-3.969993056461469 2205 -8.036348748104613 0.3927028903659062 4.066355691643144 5
-3.0184520996307302 2206 -5.240539493045118 0.4184202135234938 2.2220873934143874 4
-2.30289387568531 2207 -2.9043593580889278 0.43775962498147813 0.6014654824036176 16
-1.7851601571918003 2208 -1.0539029609164927 0.4517524281840054 -0.7312571962753076 16
-1.4253327890214926 2209 0.36747647445129017 0.46147749218860834 -1.7928092634727828 16
-1.190092485611288 2210 1.4485316354893578 0.4678353382267219 -2.638624121100646 9
-1.0522658191796452 2211 2.281685521670254 0.471560383265415 -3.3339513408498993 9
-0.9892125525617956 2212 2.9499605974040266 0.47326452560643795 -3.9391731499658222 9
-1.0024827906825458 2213 3.5226521966655913 0.4729058705220934 -4.525134987348137 2
-1.0533304840024549 2214 4.055326681632394 0.4715316085404742 -5.108657165634849 29
-1.1625095099793654 2215 4.591539639867285 0.4685808240546117 -5.754049149846651 29
-1.3229945438180337 2216 5.164796441775975 0.4642433907076207 -6.487790985594009 29
-1.5394281687912184 2217 5.799898652172972 0.458393833275913 -7.339326820964191 29
-1.8192035058640705 2218 6.513136312248593 0.45083233767934944 -8.332339818112663 24
-2.1771122074729092 2219 7.3109608621010835 0.4411591295277592 -9.488073069573993 24
-2.63078026822002 2220 8.186970387603294 0.4288978305886481 -10.817750655823314 24
-3.204493961800951 2221 9.117462578070542 0.41339205508646076 -12.321956539871493 24
-3.92954562951083 2222 10.056685481415244 0.39379606406727485 -13.986231110926074 24
-4.831530262339065 2223 10.934303276014031 0.3694181010178631 -15.765833538353096 37
-5.951372426858299 2224 11.658969785618744 0.33915209657139733 -17.610342212477043 37
-7.311000014700284 2225 12.13174805052385 0.3024054050081004 -19.442748065224134 46
-8.911481332693606 2226 12.269488287715404 0.25914915317044307 -21.18096962040901 7
-10.734711595046113 2227 12.031298661773564 0.2098726595933483 -22.766010256819676 25
-12.63950868011485 2228 11.435618338671121 0.15839165729419324 -24.07512701878597 25
-14.44323442936469 2229 10.557764303701441 0.10964231271987324 -25.000998733066133 25
-15.773169341249508 2230 9.508585391161308 0.07369812591217548 -25.281754732410818 15
-16.283560663086238 2231 8.405380293022017 0.05990376586253412 -24.688940956108254 15
-15.719094878138883 2232 7.348011291013259 0.07515959788813828 -23.06710616915214 15
-14.121436168584092 2233 6.406884843928362 0.11833956301124077 -20.528321012512453 13
-11.816789830452072 2234 5.622079919015484 0.18062730187967374 -17.438869749467557 20
-9.230261856356808 2235 5.009183839771302 0.2505334633417079 -14.239445696128112 20
-6.74205329257342 2236 4.567387000324929 0.3177823434439616 -11.309440292898348 20
-4.564232667455254 2237 4.2870114381499205 0.3766423603390472 -8.851244105605176 8
-2.7842368383742144 2238 4.155270129000015 0.42475035571961584 -6.939506967374229 5
-1.4029731422429812 2239 4.160082060778449 0.46208180696640594 -5.56305520302143 5
-0.3445681304983985 2240 4.292230985313042 0.4906873478243676 -4.63679911581144 16
0.44713123143885625 2241 4.546256955935143 0.5120846278767258 -4.099125724496287 16
1.0485670395944098 2242 4.920384809719042 0.5283396497187678 -3.8718177701246326 16
1.5198938533140804 2243 5.415628231504112 0.5410782122517319 -3.8957343781900313 9
1.9164875578992806 2244 6.034016847271016 0.5517969610243049 -4.117529289371736 9
2.277201492859856 2245 6.775715536397913 0.5615459862935096 -4.498514043538057 29
2.6306977246504353 2246 7.634703471438883 0.5710999385040658 -5.004005746788447 29
3.0140807270295262 2247 8.592793488484858 0.5814616412710683 -5.578712761455332 29
3.447291328063436 2248 9.612350084832821 0.5931700358936064 -6.165058756769385 17
3.9379782868613127 2249 10.629403006951426 0.6064318455908463 -6.691424720090113 17
4.510174741214087 2250 11.550940750356023 0.6218966146274078 -7.040766009141937 17
5.19204139203276 2251 12.261930298544103 0.6403254430279124 -7.069888906511343 40
5.984539469680481 2252 12.646388807830293 0.6617443099913644 -6.661849338149812 40
6.8980690802800915 2253 12.619999467496756 0.6864342994670295 -5.7219303872166645 40
7.933166583115643 2254 12.161387001015168 0.7144099076517741 -4.228220417899525 40
9.068703886475667 2255 11.324436500695693 0.7451001050398829 -2.255732614220026 45
10.242861809520797 2256 10.223003127812932 0.7768341029600215 0.019858681707864534 45
11.378261063847805 2257 8.996456049559514 0.8075205692931839 2.3818050142882914 42
12.350834617485411 2258 7.77434558383321 0.8338063410131192 4.5764890336522015 42
13.03600827879546 2259 6.654159610350683 0.852324548075553 6.3818486684447775 31
13.303259045397535 2260 5.695123705793793 0.8595475417675009 7.608135339603742 31
13.048369040015395 2261 4.923235930040384 0.8526586227031188 8.12513310997501 0
12.296743798777406 2262 4.3410550231039124 0.8323444269939839 7.955688775673494 0
11.132629509717745 2263 3.937627143520625 0.8008818786410201 7.195002366197119 0
9.715055136647038 2264 3.6963808630904134 0.7625690577472173 6.018674273556625 0
8.230099349320593 2265 3.600507445599203 0.7224351175492052 4.62959190372139 0
6.831963054128398 2266 3.6361571153642047 0.6846476501115784 3.195805938764193 47
5.610424586871204 2267 3.79401778501362 0.651633096942465 1.816406801857584 47
4.613801057895618 2268 4.069786395996238 0.6246973258890708 0.5440146618993795 47
3.8515376390492264 2269 4.463867560301442 0.6040956118661953 -0.6123299212522157 47
3.2877911385604683 2270 4.980419076627565 0.5888592199610937 -1.6926279380670968 38
2.929838565837816 2271 5.6256359791318005 0.5791848261037248 -2.6957974132939846 14
2.726675031647307 2272 6.404936072874309 0.5736939197742515 -3.6782610412270023 14
2.6644519936973836 2273 7.318520233249203 0.5720122160458753 -4.65406823955182 14
2.706138170475665 2274 8.354760537997125 0.5731388694723153 -5.64862236752146 11
2.865376500369191 2275 9.48132028136154 0.5774426081180862 -6.61594378099235 11
3.1177079650054615 2276 10.63532128740934 0.58426237743258 -7.517613322403879 30
3.4738354425352824 2277 11.71660957204505 0.5938874443928455 -8.242774129509767 30
3.938853557834136 2278 12.591443450194824 0.6064555015630848 -8.652589892360687 30
4.520585866129547 2279 13.11439533310435 0.6221779963818796 -8.593809466974802 30
5.235601045299198 2280 13.168898604988701 0.6415027309540324 -7.933297559689503 40
6.089924758140988 2281 12.711661874822855 0.6645925610308375 -6.621737116681867 40
7.089706689844267 2282 11.795357740439446 0.6916136943201153 -4.705651050595179 40
8.23579270234902 2283 10.553239738106628 0.722588991955379 -2.317447035757608 40
9.495026862465195 2284 9.154656432208718 0.7566223476341944 0.3403704302564776 45
10.798039017587964 2285 7.757509921521461 0.7918388923672423 3.0405290960665035 45
12.038146542296587 2286 6.478535010619719 0.8253553119539618 5.559611531676868 42
13.064062586223692 2287 5.385732730622117 0.8530827726006404 7.678329855601574 42
13.703052631928088 2288 4.50575319502859 0.8703527738358943 9.197299436899499 31
13.774401740975243 2289 3.8369937612162817 0.872281128134466 9.937407979758962 0
13.254674966575507 2290 3.3622640926928664 0.8582344585560948 9.89241087388264 0
12.174386477356247 2291 3.0584356018436796 0.8290374723609797 9.115950875512567 19
10.716591523256252 2292 2.902737968487316 0.7896376087366554 7.8138535547689365 0
9.081934016728617 2293 2.876330954071962 0.7454576761278005 6.205603062656655 0
7.4791788887729 2294 2.965992059686524 0.7021399699668351 4.513186829086376 0
6.033624308400643 2295 3.164641468238891 0.6630709272540715 2.8689828401617525 47
4.816977917936203 2296 3.4712024396080783 0.6301885923766541 1.3457754783281248 47
3.8513852357459086 2297 3.8900602001909563 0.6040914928579976 -0.0386749644450477 47
3.1217671772898257 2298 4.43015498638563 0.584372085872698 -1.3083878090958043 38
2.592025415843171 2299 5.103510686298179 0.5700547409687343 -2.511485270455008 38
2.2553550319209386 2300 5.922736533445777 0.5609555414032686 -3.6673815015248383 14
2.0498919604978703 2301 6.896747887334475 0.5554024854188614 -4.8468559268366045 27
1.9635322191774982 2302 8.02373042871599 0.5530684383561486 -6.060198209538491 11
1.9899259509852172 2303 9.280544582788124 0.55378178245906 -7.290618631802907 11
2.098830098104255 2304 10.609042395524476 0.5567251377866015 -8.510212297420221 30
2.3029243126587957 2305 11.90312120978702 0.5622411976394269 -9.600196897128225 30
2.5949252265529843 2306 13.00582781855369 0.5701331142311618 -10.410902592000706 48
2.9837222193989525 2307 13.72980978697696 0.5806411410648366 -10.746087567578007 48
3.475541488229066 2308 13.908085482517926 0.5939335537359207 -10.43254399428886 48
4.085696813404322 2309 13.45982559465147 0.6104242382001168 -9.374128781247148 48
4.8456500071682775 2310 12.43251792688705 0.6309635137072508 -7.586867919718772 40
5.7636817488080005 2311 10.988514114490311 0.6557751824002163 -5.22483236568231 40
6.85765472604718 2312 9.343943029788807 0.6853420196228968 -2.4862883037416275 40
8.140159231113156 2313 7.700215258811795 0.7200043035435988 0.43994397230136073 40
9.582785775881735 2314 6.202083101332975 0.7589942101589658 3.3807026745487603 45
11.11726619430586 2315 4.928713989908568 0.8004666539001584 6.188552204397292 45
12.605447284152351 2316 3.9056736727470014 0.84068776443655 8.69977361140535 42
13.868715162613839 2317 3.1236130014991375 0.8748301395301037 10.745102161114701 42
14.649322298150935 2318 2.5551283580483988 0.8959276296797549 12.094193940102535 31
14.737089404541123 2319 2.1668256546986386 0.8982997136362465 12.570263749842486 31
14.027952528990689 2320 1.9266753616007204 0.8791338521348835 12.101277167389968 19
12.641497463865218 2321 1.807827638666255 0.8416620936179788 10.833669825198962 19
10.799351358970394 2322 1.7901480116038528 0.7918743610532539 9.009203347366542 19
8.802546476968772 2323 1.8604747908706167 0.7379066615396965 6.942071686098155 0
6.909365585277836 2324 2.0122843279727882 0.6867396104129145 4.897081257305048 44
5.248859980183084 2325 2.245182082503835 0.6418610805454887 3.0036778976792493 47
3.889857909002494 2326 2.564433961570193 0.6051312948379053 1.3254239474323009 47
2.831015780368684 2327 2.980596859125425 0.5765139400099645 -0.14958107875674065 47
2.0224624567089506 2328 3.50916815829546 0.5546611474786203 -1.4867057015865095 38
1.4425373508070187 2329 4.170009144479344 0.5389874959677573 -2.7274717936723256 38
1.0365448288141046 2330 4.986054232889508 0.5280147251030839 -3.9495094040754033 27
0.7520200476415084 2331 5.980440703258394 0.5203248661524732 -5.228420655616886 27
0.5585509598483256 2332 7.170665404124532 0.5150959718877925 -6.612114444276206 41
0.44858326898622636 2333 8.557858314153092 0.5121238721347628 -8.109275045166866 23
0.3839702807856433 2334 10.109431732521918 0.5103775751563687 -9.725461451736274 23
0.3535907127525384 2335 11.735881294211085 0.5095565057500686 -11.382290581458546 48
0.35257391677786387 2336 13.269832296315487 0.5095290247777801 -12.917258379537623 28
0.38070242107884766 2337 14.467415312908695 0.5102892546237526 -14.086712891829848 28
0.4292531416879761 2338 15.05793562286003 0.5116014362618372 -14.628682481172055 28
0.4996140290531521 2339 14.844953767238897 0.5135030818663014 -14.345339738185745 1
0.5973198682320664 2340 13.807752028616717 0.5161437802224883 -13.21043216038465 1
0.7264038296779489 2341 12.124057241931656 0.5196325359372419 -11.397653412253707 1
0.8960512746087836 2342 10.090925512350555 0.5242176020164536 -9.194874237741772 1
1.1141044462582812 2343 8.006391551821572 0.5301109309799535 -6.892287105563291 1
1.3948075495379904 2344 6.088163401026663 0.5376975013388646 -4.693355851488673 1
1.756757477259832 2345 4.452758768880556 0.5474799318178333 -2.696001291620724 1
2.224778970535727 2346 3.134131960258878 0.5601291613658305 -0.9093529897231512 17
2.8232363863571805 2347 2.114090793805963 0.5763036861177616 0.7091455925512173 17
3.5885368968525846 2348 1.348703609565988 0.5969874836987185 2.2398332872865967 17
4.564737014742924 2349 0.7860992094526489 0.6233712706687277 3.778637805290275 17
5.806913861256177 2350 0.37650042631924435 0.6569436178717886 5.430413434936933 17
7.335182471368771 2351 0.07680655973300864 0.6982481749018586 7.2583759116357625 40
9.194731660461876 2352 -0.14814003338779624 0.7485062610935642 9.342871693849673 40
11.313543225050722 2353 -0.32606636105689085 0.8057714385148844 11.639609586107612 45
13.59387225695422 2354 -0.4785858996081894 0.8674019528906546 14.07245815656241 45
15.729531070792795 2355 -0.6227632192919288 0.9251224613727782 16.352294290084725 42
17.255588266848797 2356 -0.7726463260016385 0.9663672504553729 18.028234592850435 31
17.59388741487792 2357 -0.9406572525394492 0.9755104706723763 18.534544667417368 26
16.555714055299077 2358 -1.1388274750338647 0.9474517312242994 17.69454153033294 26
14.242446311888905 2359 -1.3799118411877032 0.8849309814024028 15.622358153076608 34
11.206857448536098 2360 -1.6784293765507143 0.8028880391496243 12.885286825086812 34
8.049846778931016 2361 -2.0516687167198597 0.7175634264575951 10.101515495650876 44
5.195080440539169 2362 -2.520656228165953 0.6404075794740316 7.715736668705121 44
2.8192064577623164 2363 -3.1109972394280145 0.5761947691287113 5.930203697190331 47
0.9307055152276327 2364 -3.853322778178673 0.5251542031142603 4.784028293406306 49
-0.5053728270776965 2365 -4.782727672680502 0.48634127494384605 4.277354845602805 49
-1.6095832479470111 2366 -5.935951784383005 0.4564977500554862 4.326368536435994 10
-2.446912991859641 2367 -7.344022911505321 0.4338672164362259 4.89710991964568 32
-3.119087882361635 2368 -9.016788272586416 0.4157003275037396 5.897700390224781 27
-3.704310703757862 2369 -10.91534715339065 0.39988349449303073 7.211036449632788 12
-4.222604624417608 2370 -12.91240707734599 0.385875550691416 8.689802452928381 12
-4.7530025485553455 2371 -14.75530811360735 0.37154047166066634 10.002305565052005 3
-5.306191909765859 2372 -16.072797156674543 0.356589407844166 10.766605246908684 33
-5.918396311549525 2373 -16.47707697013554 0.3400433429310939 10.558680658586013 33
-6.606470966869042 2374 -15.750586023545726 0.32144673062516105 9.144115056676684 7
-7.372879297722575 2375 -13.98814828138191 0.30073299195344394 6.615268983659336 7
-8.212048017580788 2376 -11.55661258454146 0.2780527562816003 3.3445645669606723 7
-9.09786798077744 2377 -8.906399274534243 0.2541116761952043 -0.19146870624319767 7
-9.983717350895455 2378 -6.3968032773760894 0.23016980132714987 -3.586914073519366 36
-10.831345523198983 2379 -4.229975201716257 0.20726093180543287 -6.601370321482727 36
-11.529619913709151 2380 -2.4716583665681844 0.18838865098083374 -9.057961547140966 21
-12.001625264419634 2381 -1.1013231099938572 0.17563174961028016 -10.900302154425777 21
-12.158444651427683 2382 -0.05657079433370673 0.17139338779925178 -12.101873857093976 21
-11.950208756556888 2383 0.7379369151998803 0.17702138495792194 -12.688145671756768 13
-11.378066784992424 2384 1.3550105444897573 0.1924846814866913 -12.733077329482182 13
-10.513070598104292 2385 1.8583546007221028 0.2158629568079921 -12.371425198826396 13
-9.49752832780068 2386 2.3010584430552483 0.24331004519457622 -11.798586770855929 6
-8.419861072769262 2387 2.7266180979998165 0.2724361872224524 -11.146479170769078 6
-7.385810671936646 2388 3.170958067521249 0.30038349535306363 -10.556768739457896 18
-6.466894038115363 2389 3.6645647484934893 0.32521908005093614 -10.131458786608853 18
-5.720986599910875 2390 4.2341930739136755 0.3453787405429493 -9.95517967382455 18
-5.117781315280746 2391 4.903738831570929 0.3616815860734933 -10.021520146851675 4
-4.696580878846486 2392 5.693832227158958 0.3730653816527977 -10.390413106005443 4
-4.434092028523466 2393 6.619553402160965 0.3801596749047712 -11.05364543068443 16
-4.306787352044319 2394 7.6854995912092585 0.38360034183664005 -11.992286943253578 43
-4.319689100669924 2395 8.877503248017048 0.3832516459278399 -13.197192348686972 39
-4.456475085856752 2396 10.151158216674474 0.379554727409277 -14.607633302531227 39
-4.718260419749088 2397 11.419775985584389 0.37247944811488953 -16.138036405333477 39
-5.101334455753372 2398 12.548831318730352 0.3621260957904494 -17.650165774483725 2
-5.605236643635383 2399 13.368230839452613 0.34850711773958426 -18.973467483087994 2
-6.235028227396921 2400 13.711278880403112 0.331485723583867 -19.94630710780003 2
-7.001603708102516 2401 13.473267847689286 0.31076746734858063 -20.4748715557918 2
-7.879905054056984 2402 12.660060755940266 0.28702959313359505 -20.53996580999725 7
-8.853419850101107 2403 11.392937170936893 0.2607183824296998 -20.246357021038 7
-9.864407764757944 2404 9.864256168490392 0.23339438473627178 -19.728663933248335 36
-10.869915906442166 2405 8.273268959729625 0.20621848901507656 -19.143184866171794 36
-11.738376094003886 2406 6.7774789948276295 0.18274659205394905 -18.515855088831515 21
-12.36920385224263 2407 5.474120766642632 0.1656971931826316 -17.843324618885262 21
-12.650451828711375 2408 4.4053807196670975 0.15809589652131417 -17.055832548378472 21
-12.513214271214697 2409 3.574231976454705 0.1618050196969001 -16.0874462476694 13
-11.949163564410284 2410 2.9610734196014024 0.17704963339431665 -14.910236984011686 13
-11.038823726142681 2411 2.5367290446502406 0.2016534128069546 -13.575552770792921 13
-9.908278273622312 2412 2.2709775694260332 0.2322086953075051 -12.179255843048345 6
-8.678148668993593 2413 2.1373767269366417 0.26545544137855154 -10.815525395930235 6
-7.4944116484752765 2414 2.1155314192576213 0.29744833382499253 -9.609943067732898 18
-6.416501442537395 2415 2.1918231741043965 0.3265810420935839 -8.608324616641791 18
-5.511252841478624 2416 2.3593412693415385 0.35104722050057774 -7.8705941108201625 5
-4.790403297580282 2417 2.6174847550817515 0.37052964060593835 -7.407888052662033 4
-4.26280532370664 2418 2.971480490524768 0.38478904530522595 -7.234285814231408 4
-3.9071274843011867 2419 3.4318774075231375 0.3944019598837517 -7.339004891824324 16
-3.704428414793977 2420 4.01390126539262 0.3998803131136763 -7.718329680186597 16
-3.6433391483154516 2421 4.736344259043946 0.40153137436985264 -8.379683407359398 39
-3.7188593582062417 2422 5.619371884704626 0.39949028761604755 -9.338231242910869 39
-3.9136819981274833 2423 6.680226806415267 0.39422481086141936 -10.59390880454275 9
-4.224822964939024 2424 7.92536733054633 0.3858155955421885 -12.150190295485356 2
-4.65079119983784 2425 9.337467275678097 0.37430294054492325 -13.988258475515938 2
-5.1985634841466375 2426 10.856933657009574 0.35949828421225305 -16.05549714115621 2
-5.875731907654709 2427 12.36194835274596 0.34119643492825114 -18.23768026040067 2
-6.689576083013913 2428 13.659625923538691 0.3192006464050294 -20.349202006552602 2
-7.627917436488596 2429 14.509245809175392 0.293840069284092 -22.137163245663988 7
-8.675591550908335 2430 14.691766317319832 0.2655245526781531 -23.36735786822817 7
-9.794947410721436 2431 14.104729859319114 0.23527169160212333 -23.89967727004055 7
-10.917015383995135 2432 12.821451058568888 0.20494553016229367 -23.738466442564025 36
-11.92541605726673 2433 11.06485288860895 0.17769145791170998 -22.99026894587568 21
-12.695908691976692 2434 9.114589686532836 0.1568673326492786 -21.81049837850953 21
-13.095403014003264 2435 7.213753534535559 0.14607018881072262 -20.309156548538823 21
-13.021072035069075 2436 5.521445474866779 0.1480791341873223 -18.542517509935855 13
-12.448334631961366 2437 4.1114851591299635 0.1635585234605036 -16.55981979109133 13
-11.453153084947733 2438 2.9946633549539974 0.19045532202843962 -14.44781643990173 13
-10.183356072683408 2439 2.1447816317184025 0.22477416019774574 -12.32813770440181 20
-8.79785976158909 2440 1.5191883289613979 0.2622200064435381 -10.317048090550488 6
-7.444957338698 2441 1.071964068183127 0.29878493679194595 -8.516921406881128 6
-6.223000759722423 2442 0.7610606042746914 0.3318107902777724 -6.984061363997114 18
-5.199119111825556 2443 0.5513574236538933 0.3594832672479579 -5.75047653547945 5
-4.38318136334855 2444 0.41530748696244785 0.38153563882841757 -4.7984888503109975 4
-3.780630468786269 2445 0.33234593966163695 0.39782079814091165 -4.1129764084479055 4
-3.3622606063495155 2446 0.28779832061230964 0.40912809172028336 -3.650058926961825 16
-3.1052789910982863 2447 0.2717069803494749 0.4160735407811274 -3.3769859714477612 16
-2.9974131738993783 2448 0.27778630596042314 0.4189888331378546 -3.2751994798598014 39
-3.013909920257367 2449 0.3025924473646004 0.4185429751281793 -3.3165023676219674 9
-3.143630510953159 2450 0.3449255546374621 0.4150370132174822 -3.488556065590621 9
-3.3791526982993094 2451 0.4054513603509954 0.40867154869461325 -3.784604058650305 2
-3.7179016352623186 2452 0.4865194293844173 0.39951617201993733 -4.204421064646736 2
-4.168748540506408 2453 0.5921577020191587 0.3873311205268538 -4.760906242525567 2
-4.742832151512493 2454 0.7282309247563237 0.3718153472564191 -5.471063076268817 2
-5.443310079906729 2455 0.9027603991420723 0.3528835113538722 -6.346070479048801 46
-6.274893361170562 2456 1.1264113876045518 0.33040828753593077 -7.4013047487751145 46
-7.250918098887258 2457 1.413159138825576 0.30402924057061465 -8.664077237712833 7
-8.348222615080184 2458 1.7811385614048876 0.2743723617545896 -10.129361176485071 7
-9.540108408807525 2459 2.2536526393267367 0.24215923219439123 -11.793761048134261 7
-10.760689961641539 2460 2.860231909585483 0.2091705415772557 -13.620921871227022 25
-11.902652261960043 2461 3.637442102970003 0.17830669562270157 -15.540094364930045 21
-12.827579658323577 2462 4.628713767523468 0.15330865788314657 -17.456293425847043 21
-13.38793679517373 2463 5.881617667688874 0.13816387040071001 -19.269554462862605 21
-13.45588798404616 2464 7.439480966217154 0.1363273517825362 -20.895368950263315 15
-12.97379720301447 2465 9.322037427068459 0.14935683235096026 -22.29583463008293 13
-11.99354181880607 2466 11.488373496578397 0.17585022111334944 -23.48191531538447 13
-10.651729868568744 2467 13.78038414430541 0.21211540895760156 -24.432114012874152 20
-9.147812391966742 2468 15.867833067721705 0.2527618272441421 -25.015645459688447 20
-7.644393563391322 2469 17.260588632857377 0.2933947685569913 -24.9049821962487 6
-6.276303854126676 2470 17.46965883283406 0.33037016610468445 -23.745962686960738 8
-5.122161216985212 2471 16.28262049430829 0.36156321035175104 -21.404781711293502 5
-4.199971049104608 2472 13.925890712907364 0.3864872689431187 -18.125861762011972 4
-3.5000973901252674 2473 10.93464695056755 0.40540277323985763 -14.434744340692818 4
-3.0053609731246596 2474 7.863341649738003 0.41877402775338757 -10.868702622862664 16
-2.679739281284146 2475 5.088708897589967 0.42757461401934743 -7.768448178874113 16
-2.5013884330764036 2476 2.779237142065319 0.43239490721415125 -5.280625575141722 9
-2.448677868426813 2477 0.9543601430168291 0.4338195170695456 -3.403038011443642 9
-2.501516007388025 2478 -0.445702962495989 0.4323914592597831 -2.055813044892036 9
-2.649104708215841 2479 -1.5106326724734582 0.4284025754536259 -1.1384720357423828 9
-2.8908375095638394 2480 -2.332649351285602 0.4218692564982746 -0.5581881582782375 2
-3.2348659701746403 2481 -2.99410712888831 0.41257118999528 -0.2407588412863304 2
-3.687844208751038 2482 -3.563520673587044 0.4003285348986206 -0.12432353516399397 35
-4.26410481221718 2483 -4.095723175777983 0.3847539239941303 -0.16838163643919746 35
-4.978594371015621 2484 -4.633631838990802 0.36544339537795617 -0.34496253202481864 35
-5.84731020912103 2485 -5.210190394658875 0.34196458894267484 -0.6371198144621548 46
-6.8820680924772955 2486 -5.8496573745656555 0.3139981596627758 -1.03241071791164 46
-8.080212751175228 2487 -6.567713816634456 0.2816158715898587 -1.5124989345407718 7
-9.42242069621676 2488 -7.370036968678011 0.24533998118333084 -2.052383727538748 7
-10.851258507424303 2489 -8.249193233207196 0.2067227430425864 -2.6020652742171073 25
-12.230756863093113 2490 -9.180151017060604 0.1694390037001861 -3.050605846032509 25
-13.398356082346552 2491 -10.115621818162257 0.13788226804468778 -3.2827342641842954 21
-14.13527863554492 2492 -10.983841213838796 0.11796544228256975 -3.151437421706124 15
-14.253785635989757 2493 -11.692719156361225 0.11476255037865521 -2.5610664796285327 15
-13.67638548577101 2494 -12.143948260403784 0.13036795984402674 -1.532437225367227 13
-12.477104811936027 2495 -12.256778348400982 0.162780951028756 -0.22032646353504504 13
-10.849512227341913 2496 -11.994129347190519 0.2067699398015699 1.144617119848606 20
-9.045770937911607 2497 -11.378489155191131 0.2555197043807674 2.332718217279524 20
-7.290785659688792 2498 -10.48805464435563 0.30295173892732996 3.197268984666838 6
-5.71593980367204 2499 -9.43457440515036 0.3455151404412962 3.718634601478321 8
-9.061335051309248 2500 -8.334405382922812 0.25509905266731764 -0.7269296683864361 5
